1002	29	13	0.69
100400	25	8	0.76
10110	81	24	0.77
10140	24	13	0.65
102200	157	44	0.78
10230	14	42	0.25
102500	3948	518	0.88
10260	1	5	0.17
104000	71	26	0.73
104600	203	43	0.83
104900	8605	3025	0.74
10500	5774	594	0.91
10530	34	34	0.50
10680	2663	448	0.86
107300	616	87	0.88
107600	559	28	0.95
107900	559	862	0.39
108110	26	40	0.39
108200	652	90	0.88
108500	283	34	0.89
108710	5542	651	0.89
109700	48	21	0.70
11040	34	13	0.72
110600	18	13	0.58
110630	11	4	0.73
11130	15	70	0.18
111800	291	103	0.74
11190	104	30	0.78
112100	213	51	0.81
11250	3	2	0.60
11280	396	55	0.88
11340	200	59	0.77
113420	1851	1455	0.56
11370	72	60	0.55
115100	1357	106	0.93
115220	46	16	0.74
116120	53	13	0.80
1200	538	67	0.89
12120	5213	1082	0.83
12150	884	65	0.93
12180	47	1	0.98
12210	8422	5979	0.58
12330	126	28	0.82
12360	412	115	0.78
12420	5	21	0.19
12450	3	5	0.38
12480	33	39	0.46
12570	5	7	0.42
12630	2	2	0.50
12690	57	13	0.81
12750	1157	221	0.84
13140	683	343	0.67
13200	89	37	0.71
13230	926	20	0.98
13500	159	32	0.83
13530	82	34	0.71
13560	329	50	0.87
13620	14	1	0.93
1500	283	70	0.80
15000	29	41	0.41
15120	1172	191	0.86
15210	215	25	0.90
15240	18	4	0.82
15270	76	12	0.86
1530	213	29	0.88
15300	240	8	0.97
15390	275	34	0.89
15540	129	231	0.36
15750	424	80	0.84
15900	21	5	0.81
15930	13	3	0.81
15960	25	8	0.76
16020	7	3	0.70
16110	6	2	0.75
16200	11	5	0.69
16500	4	2	0.67
16620	14	8	0.64
16710	122	52	0.70
17100	89	17	0.84
17430	433	242	0.64
17460	4561	264	0.95
17580	448	50	0.90
18000	271	33	0.89
18120	99	25	0.80
18420	29	6	0.83
18480	16	9	0.64
18600	8	7	0.53
19020	9	6	0.60
19200	137	61	0.69
19320	5	3	0.62
19500	3	37	0.07
19680	3042	497	0.86
19800	90	10	0.90
19830	382	28	0.93
19980	341	120	0.74
200210	10162	2581	0.80
200390	78	109	0.42
200510	18655	999	0.95
200630	44	89	0.33
200900	3166	109	0.97
200960	173	7	0.96
200990	15	3	0.83
201230	487	153	0.76
201290	282	66	0.81
201830	450	279	0.62
202070	78	20	0.80
202130	93	131	0.42
202310	183	184	0.50
202370	14	10	0.58
202670	19	7	0.73
202730	162	32	0.84
202970	6605	1452	0.82
203210	419	44	0.90
203510	348	52	0.87
203750	1633	288	0.85
203810	2990	1062	0.74
203990	108	7	0.94
204080	395	280	0.59
204440	58	15	0.79
204530	994	58	0.94
204560	31	109	0.22
204860	42	30	0.58
205070	28	7	0.80
205100	18116	550	0.97
205190	422	36	0.92
205550	71	60	0.54
205730	326	37	0.90
206060	24	2	0.92
206210	3202	738	0.81
206420	15312	1621	0.90
206480	857	260	0.77
206690	133	28	0.83
20700	37	8	0.82
207020	86	31	0.74
207080	803	80	0.91
207140	7622	468	0.94
207170	1002	151	0.87
207230	1830	845	0.68
207320	514	20	0.96
207350	899	36	0.96
207380	98	15	0.87
207530	258	12	0.96
207650	186	168	0.53
207710	20	11	0.65
20820	598	39	0.94
208400	404	30	0.93
208460	7	23	0.23
208520	393	333	0.54
208580	4025	482	0.89
208640	20	0	1.00
208670	456	128	0.78
208730	605	298	0.67
209000	6339	1566	0.80
209060	398	60	0.87
209120	280	212	0.57
209270	299	127	0.70
209330	168	100	0.63
209360	18	5	0.78
209390	6	29	0.17
209540	787	213	0.79
209630	111	23	0.83
209690	57	44	0.56
209750	21	27	0.44
209870	6319	2217	0.74
2100	1566	94	0.94
210170	64	23	0.74
210230	11	0	1.00
210770	4625	476	0.91
21090	2491	155	0.94
210950	239	16	0.94
211010	35	12	0.74
211070	36	32	0.53
211160	270	378	0.42
211280	65	52	0.56
211340	594	65	0.90
211400	2885	1284	0.69
211580	170	161	0.51
211820	36134	5007	0.88
211970	55	56	0.50
212030	262	75	0.78
212390	294	172	0.63
212480	4500	236	0.95
212630	592	396	0.60
212780	70	50	0.58
21300	13	3	0.81
213350	22	23	0.49
213650	661	115	0.85
214100	14	19	0.42
214130	42	25	0.63
214190	1571	861	0.65
214250	507	344	0.60
214340	1499	299	0.83
214490	9345	804	0.92
214550	178	60	0.75
214610	344	43	0.89
214700	8	11	0.42
214730	408	60	0.87
214790	487	79	0.86
214850	1410	174	0.89
214970	504	107	0.82
215120	151	77	0.66
215390	3	6	0.33
215450	27	1	0.96
215510	507	218	0.70
215630	170	82	0.67
215690	364	101	0.78
215870	76	145	0.34
215930	70	56	0.56
21600	43	88	0.33
216110	172	50	0.77
216260	323	18	0.95
216290	108	6	0.95
21660	157	61	0.72
216890	646	152	0.81
21690	469	44	0.91
217100	165	217	0.43
21780	91	14	0.87
218060	1376	126	0.92
218090	273	55	0.83
218510	143	79	0.64
218660	45	11	0.80
219680	1254	485	0.72
219740	15484	533	0.97
219830	1654	337	0.83
219890	6981	300	0.96
219950	296	37	0.89
220160	703	234	0.75
220460	375	72	0.84
220700	2091	144	0.94
220820	471	81	0.85
221180	151	18	0.89
221300	122	92	0.57
22140	69	61	0.53
221810	689	159	0.81
22200	1034	164	0.86
222140	147	81	0.64
22230	950	103	0.90
222440	172	14	0.92
222500	6	8	0.43
222980	871	151	0.85
223100	1129	941	0.55
22320	4740	222	0.96
223220	551	161	0.77
223280	18	3	0.86
223430	58	130	0.31
223490	190	278	0.41
22350	943	705	0.57
223730	65	9	0.88
22380	31524	1439	0.96
224060	1427	139	0.91
224300	160	18	0.90
224480	3876	289	0.93
224540	3775	3342	0.53
224600	593	349	0.63
224900	117	86	0.58
224960	491	128	0.79
22500	79	8	0.91
225020	91	61	0.60
225080	13100	643	0.95
225260	3311	310	0.91
225320	129	21	0.86
22650	178	127	0.58
226580	283	101	0.74
226700	3016	6356	0.32
227000	889	14	0.98
227060	143	76	0.65
227180	983	435	0.69
227240	327	57	0.85
227300	19591	629	0.97
227480	649	354	0.65
227780	431	41	0.91
227900	11	8	0.58
2280	48	0	1.00
228260	790	293	0.73
228320	61	68	0.47
228380	2869	1271	0.69
228440	91	34	0.73
229520	178	112	0.61
229580	357	215	0.62
229970	22	16	0.58
230150	130	50	0.72
230270	641	15	0.98
230330	47	8	0.85
230780	48	6	0.89
230840	327	452	0.42
2310	1026	45	0.96
231020	27	13	0.68
231140	334	335	0.50
231200	1055	195	0.84
231740	1156	265	0.81
232010	724	185	0.80
232430	8741	2474	0.78
232790	3590	724	0.83
232910	740	104	0.88
232970	144	27	0.84
233150	1937	183	0.91
233210	30	75	0.29
233270	4874	686	0.88
233450	14775	936	0.94
233510	38	29	0.57
233720	6070	1272	0.83
233840	436	215	0.67
2340	20	12	0.62
23400	69	17	0.80
234080	1197	428	0.74
234140	10000	1126	0.90
234290	77	58	0.57
234350	13	5	0.72
234530	500	471	0.51
23460	40	12	0.77
234650	4801	511	0.90
234710	2531	531	0.83
23490	532	79	0.87
234920	198	59	0.77
235070	35	40	0.47
235250	547	93	0.85
235340	262	328	0.44
235400	154	245	0.39
235460	1195	1	1.00
235760	18	26	0.41
235820	262	53	0.83
236090	5786	346	0.94
236150	1531	513	0.75
236390	5860	3566	0.62
236450	2599	155	0.94
236510	961	1724	0.36
236690	1013	421	0.71
236870	2361	1427	0.62
236930	285	6	0.98
2370	23	5	0.82
23700	79	58	0.58
237110	2614	560	0.82
237350	156	51	0.75
237470	60	32	0.65
237590	32	77	0.29
237740	1466	197	0.88
237890	736	285	0.72
237950	83	68	0.55
238010	5014	479	0.91
238070	360	17	0.95
238280	697	221	0.76
238370	855	434	0.66
238430	1475	769	0.66
238460	14925	320	0.98
238910	306	86	0.78
239030	10859	436	0.96
239090	253	17	0.94
239120	416	111	0.79
239450	547	591	0.48
239720	64	21	0.75
239840	803	330	0.71
240	16675	896	0.95
2400	2821	386	0.88
240320	474	502	0.49
240440	227	25	0.90
240620	86	42	0.67
241760	66	15	0.81
241790	23	2	0.92
241910	301	68	0.82
24240	9745	774	0.93
242570	803	327	0.71
242720	17	56	0.23
242780	244	41	0.86
242840	226	53	0.81
242960	116	57	0.67
243140	31	7	0.82
243200	389	36	0.92
243470	4822	3439	0.58
243800	767	75	0.91
243890	7	7	0.50
243950	652	205	0.76
244070	204	97	0.68
244160	2688	495	0.84
24420	572	70	0.89
244430	301	63	0.83
244730	958	150	0.86
24480	82	79	0.51
244850	33365	4088	0.89
244910	287	83	0.78
245150	502	135	0.79
245300	24	28	0.46
245390	463	55	0.89
245450	219	13	0.94
246110	681	287	0.70
24660	10	11	0.48
246620	7003	464	0.94
246680	174	82	0.68
246740	36	73	0.33
246800	19	21	0.47
246920	81	2	0.98
246980	89	36	0.71
247310	17	28	0.38
247370	132	55	0.71
247430	294	46	0.86
247580	37	9	0.80
247730	4249	5346	0.44
24780	1376	381	0.78
247910	1120	195	0.85
24810	241	11	0.96
248330	278	17	0.94
248390	1903	323	0.85
24840	457	138	0.77
248450	98	45	0.69
248510	61	9	0.87
248570	5335	555	0.91
248630	364	342	0.52
24870	193	106	0.65
249050	3707	470	0.89
249230	575	344	0.63
249590	542	86	0.86
24960	5493	721	0.88
249650	609	440	0.58
249680	823	67	0.92
249950	327	51	0.87
250070	5	3	0.62
250280	18	49	0.27
250340	2222	672	0.77
250400	3096	1005	0.75
250460	342	136	0.72
250520	730	86	0.89
250580	731	298	0.71
250640	133	40	0.77
250700	384	47	0.89
250760	28	0	1.00
251060	2892	389	0.88
251150	1813	144	0.93
251210	104	7	0.94
251270	182	12	0.94
251390	76	40	0.66
251510	18	4	0.82
251570	20153	4917	0.80
251630	536	84	0.86
251690	134	87	0.61
251870	1306	217	0.86
251990	4084	219	0.95
2520	25	29	0.46
252050	13	111	0.10
252110	536	15	0.97
252170	58	12	0.83
252290	102	40	0.72
252350	685	229	0.75
252410	1644	157	0.91
252530	476	183	0.72
252710	81	17	0.83
252770	77	185	0.29
252830	115	39	0.75
252890	44	10	0.81
252950	51120	3107	0.94
253130	104	81	0.56
253250	2087	313	0.87
253370	156	60	0.72
253430	1537	747	0.67
253490	123	105	0.54
253610	222	84	0.73
253670	19	8	0.70
253790	104	30	0.78
253880	69	37	0.65
253940	130	63	0.67
254060	71	88	0.45
254480	42	13	0.76
254840	29	7	0.81
254960	197	19	0.91
25500	46	38	0.55
255260	40	22	0.65
255320	147	54	0.73
255500	123	215	0.36
255710	17920	1214	0.94
255920	143	67	0.68
256010	209	180	0.54
256070	40	11	0.78
256190	408	402	0.50
25620	24	8	0.75
257030	353	34	0.91
257120	272	53	0.84
257510	1020	4	1.00
257630	77	80	0.49
257690	364	54	0.87
257750	981	163	0.86
257870	20	12	0.62
257930	25	133	0.16
257990	167	37	0.82
258050	236	150	0.61
258200	82	79	0.51
25830	321	27	0.92
258590	160	62	0.72
258890	567	179	0.76
25890	1465	360	0.80
258950	101	91	0.53
259130	151	33	0.82
259190	42	33	0.56
259340	52	40	0.57
259430	146	33	0.82
259490	150	10	0.94
259550	819	112	0.88
259640	28	74	0.27
259760	31	78	0.28
25980	148	77	0.66
259910	15	66	0.19
259940	20	4	0.83
260000	19	7	0.73
260210	314	232	0.58
260270	41	19	0.68
260330	58	18	0.76
260510	10	54	0.16
260570	200	15	0.93
260690	53	9	0.85
260750	193	15	0.93
260990	16	3	0.84
2610	231	22	0.91
261110	971	303	0.76
261350	34	17	0.67
261470	526	155	0.77
261530	1079	367	0.75
261680	185	37	0.83
261740	20	9	0.69
261920	27	25	0.52
262100	32	21	0.60
262190	57	18	0.76
262280	547	215	0.72
262490	182	55	0.77
262550	274	36	0.88
262610	8	7	0.53
262790	340	77	0.82
262850	159	4	0.98
262940	511	65	0.89
263060	157	8	0.95
263120	15	15	0.50
263180	6	3	0.67
263300	704	124	0.85
263360	269	85	0.76
263420	108	112	0.49
263480	53	44	0.55
263540	655	595	0.52
263600	7	6	0.54
263960	28	3	0.90
2640	162	29	0.85
264020	5	3	0.62
264080	45	18	0.71
264140	2813	1354	0.68
264200	7627	110	0.99
264260	5	4	0.56
264320	42	20	0.68
264380	1293	100	0.93
264440	3	6	0.33
264560	59	9	0.87
264710	15649	1350	0.92
265550	2271	1192	0.66
265610	1014	20	0.98
265670	59	156	0.27
265790	23	18	0.56
265970	169	139	0.55
266030	53	73	0.42
266090	63	80	0.44
266210	2202	112	0.95
266270	49	14	0.78
266330	44	36	0.55
266390	214	65	0.77
266450	96	58	0.62
266510	2377	199	0.92
266840	2549	668	0.79
267530	647	153	0.81
267920	161	45	0.78
267980	72	13	0.85
268220	325	59	0.85
268340	9	3	0.75
268400	355	23	0.94
268520	12	14	0.46
268670	86	29	0.75
268850	545	225	0.71
268970	7	3	0.70
269030	665	161	0.81
269150	99	44	0.69
269210	3607	1410	0.72
269270	497	51	0.91
269330	99	18	0.85
269630	6	6	0.50
269690	113	31	0.78
269810	169	61	0.73
269990	47	22	0.68
2700	1672	203	0.89
27000	275	107	0.72
270050	263	86	0.75
270110	66	78	0.46
270170	1775	1325	0.57
270230	41	6	0.87
270410	7	4	0.64
270590	27	21	0.56
270770	14	30	0.32
270830	17	10	0.63
270950	56	21	0.73
271370	21	58	0.27
271550	54	10	0.84
271640	23	92	0.20
271670	327	46	0.88
271730	93	84	0.53
271760	61	20	0.75
271820	504	49	0.91
271970	59	6	0.91
272060	2745	668	0.80
272270	135	36	0.79
272330	68	11	0.86
272600	679	38	0.95
272990	63	34	0.65
273110	3962	3557	0.53
273350	9975	5852	0.63
273500	187	46	0.80
273620	96	39	0.71
273740	3	27	0.10
273770	30	271	0.10
273800	33	7	0.82
273830	2	21	0.09
273860	4	11	0.27
273890	2	4	0.33
274010	8	15	0.35
274130	89	70	0.56
274190	365	1	1.00
274250	365	117	0.76
274310	1195	359	0.77
274520	590	51	0.92
274700	40	2	0.95
274880	45	26	0.63
274940	5074	725	0.87
275060	19	58	0.25
275180	239	38	0.86
275330	2	2	0.50
275390	492	40	0.92
275510	32	24	0.57
275570	119	27	0.82
275810	10	6	0.62
27600	10	0	1.00
276380	1	4	0.20
276440	11	18	0.38
276770	78	66	0.54
276890	74	26	0.74
277430	1368	376	0.78
277460	94	37	0.72
277490	160	29	0.85
277520	71	62	0.53
277700	32	2	0.94
277850	29	7	0.81
277910	51	29	0.64
27810	29	5	0.85
278150	6	5	0.55
278360	4600	346	0.93
278510	14	2	0.88
278570	143	29	0.83
278810	60	33	0.65
278930	126	42	0.75
27900	42	73	0.37
279140	169	44	0.79
279260	180	70	0.72
279440	151	50	0.75
279500	16	7	0.70
279560	9	8	0.53
279740	5	5	0.50
279800	195	6	0.97
279920	50	23	0.68
280010	249	75	0.77
280040	186	80	0.70
280160	569	65	0.90
280220	1286	40	0.97
280460	37	30	0.55
280520	414	94	0.81
280640	12	64	0.16
280910	159	16	0.91
281060	34	16	0.68
281240	23	11	0.68
281390	24	12	0.67
281450	29	5	0.85
281750	69	22	0.76
281840	31	97	0.24
281900	12	10	0.55
281990	6901	1247	0.85
2820	683	119	0.85
282050	119	135	0.47
282140	5019	213	0.96
282350	1149	560	0.67
282440	3740	1093	0.77
282530	227	69	0.77
282560	590	1237	0.32
282590	363	81	0.82
282620	36	19	0.65
282680	32	6	0.84
282740	9	10	0.47
282800	3991	309	0.93
282860	40	77	0.34
283040	19	22	0.46
283100	44	60	0.42
283160	510	58	0.90
283310	24	25	0.49
283370	67	162	0.29
283430	57	62	0.48
283490	10	12	0.45
283580	15	16	0.48
283640	1284	122	0.91
283820	43	2	0.96
283880	430	32	0.93
283940	158	5	0.97
284000	31	5	0.86
284180	52	8	0.87
284390	404	26	0.94
284750	143	28	0.84
284810	115	4	0.97
284870	247	30	0.89
284930	16	37	0.30
284990	91	45	0.67
2850	19	8	0.70
285050	160	74	0.68
285110	200	51	0.80
285350	7	8	0.47
285440	530	19	0.97
285500	121	87	0.58
285740	342	19	0.95
285800	236	53	0.82
285920	1398	350	0.80
285980	51	12	0.81
286040	822	281	0.75
286100	2526	189	0.93
286160	5064	271	0.95
286220	39	23	0.63
286280	62	17	0.78
286340	1169	560	0.68
286460	56	2	0.97
286520	8	10	0.44
286730	14	12	0.54
286790	2	1	0.67
286880	7	3	0.70
286940	835	523	0.61
287120	141	55	0.72
287390	2931	302	0.91
287450	1964	176	0.92
287600	91	44	0.67
287720	35	19	0.65
287780	10	4	0.71
287840	130	16	0.89
287900	41	5	0.89
287960	51	8	0.86
288140	323	158	0.67
288260	65	32	0.67
288470	1294	510	0.72
288500	4	4	0.50
288650	13	5	0.72
288710	1	4	0.20
288830	26	20	0.57
288860	3	0	1.00
289070	7399	2432	0.75
289130	4818	735	0.87
289280	40	24	0.62
289340	54	35	0.61
289400	38	37	0.51
289460	14	22	0.39
289520	111	97	0.53
289580	12	15	0.44
289760	290	58	0.83
289820	6	34	0.15
289910	10	5	0.67
290000	102	27	0.79
290060	144	32	0.82
290300	2491	330	0.88
290810	35	30	0.54
290870	20	7	0.74
290990	58	26	0.69
2910	53	10	0.84
291050	28	20	0.58
291170	39	22	0.64
291290	35	13	0.73
29130	78	9	0.90
291410	1362	196	0.87
29160	54	22	0.71
291650	4734	692	0.87
291710	73	34	0.68
291770	37	8	0.82
292160	27	10	0.73
292280	10	4	0.71
292370	28	25	0.53
292400	74	35	0.68
292670	24	5	0.83
292730	1752	1914	0.48
292760	7	5	0.58
292820	15	31	0.33
292880	44	7	0.86
292910	483	75	0.87
293180	402	308	0.57
293240	262	23	0.92
293420	19	9	0.68
293480	50	25	0.67
293540	365	251	0.59
293600	15	12	0.56
293660	164	16	0.91
293720	6	50	0.11
293780	1634	40	0.98
293840	124	101	0.55
293900	114	12	0.90
294020	112	66	0.63
294140	467	96	0.83
294230	89	27	0.77
294440	311	37	0.89
294530	67	1	0.99
294590	22	3	0.88
294650	53	4	0.93
294680	35	1	0.97
294710	13	1	0.93
294770	9	6	0.60
294830	25	52	0.32
294860	4644	415	0.92
295250	79	180	0.31
295550	346	208	0.62
295610	35	54	0.39
295670	64	2	0.97
295730	97	18	0.84
295790	1718	517	0.77
295850	148	82	0.64
295910	36	15	0.71
296150	13	36	0.27
296180	14	5	0.74
296210	9	12	0.43
296240	190	38	0.83
296300	361	98	0.79
296510	32	12	0.73
296570	356	78	0.82
296630	111	40	0.74
296810	4	0	1.00
296870	300	30	0.91
296930	108	35	0.76
297020	615	314	0.66
297080	4	0	1.00
297110	512	56	0.90
297290	66	17	0.80
297350	274	101	0.73
297410	28	6	0.82
297470	110	38	0.74
297590	37	1	0.97
297620	14	11	0.56
297740	24	19	0.56
297860	116	64	0.64
297920	77	32	0.71
298160	592	174	0.77
298220	14	15	0.48
298280	60	1	0.98
298340	48	35	0.58
298400	174	19	0.90
298520	610	109	0.85
298790	26	1	0.96
298820	13	4	0.76
298850	8	4	0.67
299030	339	42	0.89
299090	7	7	0.50
299150	44	18	0.71
299180	25	23	0.52
299360	3325	1263	0.72
299420	71	35	0.67
299480	102	32	0.76
299540	246	37	0.87
299600	89	54	0.62
299660	245	24	0.91
299720	355	50	0.88
299780	93	46	0.67
299840	1	20	0.05
30	937	93	0.91
300	3078	301	0.91
3000	31	13	0.70
300080	606	874	0.41
300260	22	3	0.88
300320	46	39	0.54
300380	1433	175	0.89
300620	3	0	1.00
301190	231	44	0.84
301220	11	50	0.18
301250	1	2	0.33
301460	208	58	0.78
301520	29040	12556	0.70
301610	94	13	0.88
301640	1649	247	0.87
301670	14	7	0.67
301700	35	22	0.61
301730	10	14	0.42
301760	8	13	0.38
301910	1522	516	0.75
301970	571	38	0.94
302120	45	2	0.96
302180	23	10	0.70
302210	28	10	0.74
302240	30	92	0.25
302270	572	583	0.50
302330	15	8	0.65
302360	13	1	0.93
302390	12	36	0.25
302510	3031	744	0.80
302570	9	7	0.56
302690	210	34	0.86
302750	63	1	0.98
302810	13	0	1.00
302870	14	12	0.54
303290	134	11	0.92
303410	9	36	0.20
303470	31	9	0.78
303530	19	5	0.79
303590	114	2	0.98
303680	55	12	0.82
303710	6	12	0.33
303800	159	64	0.71
303830	2	8	0.20
303860	26	6	0.81
304190	1	3	0.25
304430	4118	244	0.94
304460	117	59	0.66
304580	20	28	0.42
304670	34	5	0.87
304730	663	442	0.60
304910	71	14	0.84
305390	11	16	0.41
305480	12	14	0.46
305510	46	30	0.61
305660	17	17	0.50
305780	75	14	0.84
305840	42	9	0.82
305960	279	207	0.57
306020	1338	106	0.93
306200	88	29	0.75
306260	8	17	0.32
306350	24	9	0.73
306410	159	130	0.55
306440	39	28	0.58
306620	12	15	0.44
306680	130	41	0.76
306950	18	14	0.56
307010	95	12	0.89
307070	196	57	0.77
307130	55	60	0.48
307190	54	24	0.69
307340	103	14	0.88
307430	26	6	0.81
307580	359	24	0.94
307640	217	59	0.79
307670	472	130	0.78
307760	58	40	0.59
307880	1811	1035	0.64
307940	44	5	0.90
308000	51	16	0.76
308180	11	2	0.85
308270	129	33	0.80
308330	24	5	0.83
308360	24	6	0.80
308420	1376	151	0.90
310070	45	30	0.60
310370	3248	1091	0.75
310460	2	8	0.20
310490	44	6	0.88
310640	2	12	0.14
310700	200	23	0.90
310790	569	52	0.92
310850	71	75	0.49
310880	10	16	0.38
310970	14	7	0.67
311060	8	0	1.00
311120	54	61	0.47
311210	14016	10527	0.57
311240	670	46	0.94
311480	247	74	0.77
311690	3841	431	0.90
31170	205	24	0.90
311720	173	20	0.90
311840	11	5	0.69
311870	262	30	0.90
311930	58	3	0.95
31200	1	3	0.25
312020	1	3	0.25
312050	4	6	0.40
312230	118	25	0.83
31230	4	1	0.80
312350	70	17	0.80
312410	16	5	0.76
312440	17	6	0.74
312530	3783	195	0.95
312560	52	7	0.88
31260	3	0	1.00
312710	8	15	0.35
31290	912	116	0.89
312920	65	14	0.82
312980	100	11	0.90
313010	201	555	0.27
313040	29	50	0.37
313130	61	47	0.56
313160	2913	342	0.89
313190	2	5	0.29
313340	3351	591	0.85
313400	117	6	0.95
314000	133	60	0.69
314030	150	19	0.89
314120	15	6	0.71
314150	104	80	0.57
314180	81	1	0.99
314210	5	19	0.21
314300	15	20	0.43
314360	11	0	1.00
314450	399	74	0.84
314510	19	17	0.53
314540	21	4	0.84
314570	13	14	0.48
314660	766	86	0.90
314810	70	53	0.57
315080	34	5	0.87
315110	59	13	0.82
315260	114	175	0.39
315320	22	56	0.28
315650	25	12	0.68
315680	7	15	0.32
315740	17	13	0.57
315830	62	8	0.89
315860	147	65	0.69
315920	25	22	0.53
316010	6249	3477	0.64
316160	18	15	0.55
316370	35	19	0.65
316430	408	274	0.60
316610	65	3	0.96
316700	6	46	0.12
316790	1468	189	0.89
316970	28	24	0.54
317030	58	5	0.92
317060	19	2	0.90
317300	101	25	0.80
317330	13	9	0.59
317360	4391	285	0.94
317510	339	70	0.83
317720	7	16	0.30
317840	9	5	0.64
31800	6	6	0.50
318020	597	358	0.63
318230	388	86	0.82
318260	48	23	0.68
31830	29	1	0.97
318350	9	10	0.47
318440	13	12	0.52
318530	481	94	0.84
318560	1	2	0.33
31860	10	1	0.91
318650	37	16	0.70
318680	1	1	0.50
318740	4	2	0.67
318860	44	22	0.67
31890	8	1	0.89
318950	6	6	0.50
31920	9	1	0.90
319250	228	28	0.89
319280	139	49	0.74
319430	4	10	0.29
319550	354	53	0.87
319730	25	47	0.35
319760	7	1	0.88
31980	6	6	0.50
319850	83	31	0.73
319910	830	484	0.63
320090	21	3	0.88
320120	12	13	0.48
320150	29	11	0.72
320240	979	224	0.81
320300	1659	165	0.91
320540	131	53	0.71
320630	27	16	0.63
320690	11	11	0.50
320840	127	37	0.77
321080	7	2	0.78
321110	207	96	0.68
321260	148	132	0.53
321290	302	26	0.92
321350	14	5	0.74
321410	141	20	0.88
321560	76	10	0.88
321710	3	2	0.60
321800	217	32	0.87
321830	133	22	0.86
321890	8	0	1.00
321920	58	19	0.75
321950	46	74	0.38
321980	145	29	0.83
322040	15	7	0.68
322130	3	1	0.75
322190	201	2	0.99
322520	260	99	0.72
322550	10	3	0.77
322580	5	11	0.31
322850	46	40	0.53
322910	645	176	0.79
322970	30	21	0.59
323060	862	454	0.66
32310	45	16	0.74
323240	17	11	0.61
323270	8	4	0.67
32340	177	17	0.91
323450	37	5	0.88
323630	47	2	0.96
32370	6136	697	0.90
323720	148	50	0.75
323900	233	67	0.78
32400	785	76	0.91
324080	920	181	0.84
324110	17	13	0.57
324140	31	5	0.86
324170	131	70	0.65
324260	233	81	0.74
32430	909	648	0.58
324470	86	19	0.82
32460	441	24	0.95
324650	60	16	0.79
324680	343	6	0.98
324710	84	8	0.91
324740	102	15	0.87
324770	8	12	0.40
324800	2763	326	0.89
325160	35	2	0.95
325370	57	13	0.81
325430	39	24	0.62
325520	61	17	0.78
325610	3837	1904	0.67
325730	80	27	0.75
325790	42	62	0.40
325880	20	31	0.39
325910	12	0	1.00
326060	3	6	0.33
32610	17	9	0.65
326120	90	4	0.96
326150	242	19	0.93
326180	298	178	0.63
32640	16	6	0.73
326420	7	25	0.22
326480	1046	94	0.92
326630	8	10	0.44
32670	46	2	0.96
326720	100	18	0.85
326840	135	23	0.85
326960	7	0	1.00
326990	4	8	0.33
3270	108	42	0.72
327140	385	3	0.99
327260	105	26	0.80
32730	14	9	0.61
327380	11	5	0.69
327410	1719	318	0.84
327440	91	27	0.77
327500	42	2	0.95
327560	94	8	0.92
32760	56	2	0.97
327650	16	23	0.41
327680	22	48	0.31
327740	163	27	0.86
327860	650	101	0.87
327890	2176	643	0.77
327920	4	9	0.31
327950	61	1	0.98
327980	14	0	1.00
328070	754	91	0.89
328100	19	29	0.40
328220	120	128	0.48
328310	9	17	0.35
328430	8	6	0.57
328460	21	13	0.62
328550	18	1	0.95
328640	8	4	0.67
328670	4	8	0.33
328730	227	12	0.95
328760	715	52	0.93
328880	20	19	0.51
328940	144	88	0.62
329000	5	10	0.33
329240	45	12	0.79
329480	2	9	0.18
329630	10	0	1.00
329690	70	11	0.86
3300	60	1	0.98
330020	25	1	0.96
330110	14	12	0.54
330350	30	181	0.14
330470	56	30	0.65
330620	70	20	0.78
330680	1	13	0.07
330770	75	15	0.83
330830	6797	320	0.96
331160	32	21	0.60
331190	81	11	0.88
331220	73	28	0.72
331340	35	50	0.41
331400	5	26	0.16
331460	22	4	0.85
331580	10	5	0.67
331610	9	18	0.33
331760	27	20	0.57
331790	21	16	0.57
33180	81	28	0.74
331880	22	15	0.59
331910	4	5	0.44
331970	29	0	1.00
33210	92	13	0.88
332330	27	4	0.87
332360	97	17	0.85
332390	44	5	0.90
332540	32	1	0.97
332570	507	62	0.89
332630	11	2	0.85
332780	8	30	0.21
332810	4	1	0.80
3330	59	10	0.86
333260	58	0	1.00
333290	7	0	1.00
333350	28	17	0.62
333380	5	4	0.56
333650	4	10	0.29
333830	63	32	0.66
33390	11	1	0.92
333950	1701	638	0.73
333980	757	105	0.88
334040	410	565	0.42
334070	187	101	0.65
334100	6	1	0.86
334190	85	27	0.76
33420	87	157	0.36
334670	77	17	0.82
334850	53	15	0.78
335000	576	34	0.94
335090	26	0	1.00
335120	63	19	0.77
335150	100	257	0.28
335210	7	10	0.41
335240	2344	558	0.81
335300	5649	1078	0.84
335330	433	1167	0.27
33540	8	8	0.50
335420	1	0	1.00
335450	6	0	1.00
335570	1	2	0.33
335660	47	22	0.68
335690	12	10	0.55
33570	107	33	0.76
335840	77	26	0.75
335900	9	15	0.38
3360	13	1	0.93
33600	134	19	0.88
336020	9	13	0.41
336080	97	17	0.85
336110	33	11	0.75
336200	19	4	0.83
336230	6	1	0.86
336380	22	22	0.50
336440	28	1	0.97
336530	11	5	0.69
336680	9	1	0.90
336710	5	3	0.62
336770	2	1	0.67
337040	74	29	0.72
337070	187	58	0.76
337130	4	1	0.80
337220	26	24	0.52
337280	32	8	0.80
33750	4	13	0.24
337670	25	1	0.96
337730	3	3	0.50
337760	16	2	0.89
337820	85	24	0.78
337850	64	11	0.85
337880	16	44	0.27
337940	41	12	0.77
337970	2	1	0.67
338000	401	42	0.91
338030	0	3	0.00
338060	70	33	0.68
338120	23	10	0.70
338180	232	196	0.54
338300	6	2	0.75
338330	9	2	0.82
338390	500	206	0.71
338420	42	17	0.71
338540	252	324	0.44
338630	5	0	1.00
338810	72	21	0.77
338930	583	40	0.94
338960	27	0	1.00
3390	113	9	0.93
33900	708	252	0.74
339110	2	5	0.29
339200	477	124	0.79
339230	341	215	0.61
33930	6868	581	0.92
339320	17	5	0.77
339350	1165	31	0.97
339440	131	11	0.92
339470	34	154	0.18
339500	3	7	0.30
339530	15	6	0.71
339560	3	7	0.30
339590	12	2	0.86
339710	2	0	1.00
339800	2825	6	1.00
339860	2	21	0.09
33990	41	50	0.45
340070	70	76	0.48
340130	8	2	0.80
340250	11	0	1.00
340280	105	6	0.95
340310	131	17	0.89
340340	234	70	0.77
340370	7	1	0.88
340460	121	242	0.33
340490	211	25	0.89
340520	175	7	0.96
340580	93	5	0.95
340730	362	58	0.86
340820	41	15	0.73
340880	18	3	0.86
341000	814	97	0.89
341030	54	38	0.59
341060	28	32	0.47
341090	72	8	0.90
341120	90	10	0.90
341150	70	14	0.83
341270	6	2	0.75
341360	6	4	0.60
341390	71	19	0.79
341510	23	6	0.79
341540	18	29	0.38
341660	24	22	0.52
341720	524	223	0.70
341750	7	4	0.64
341780	10	7	0.59
341870	125	49	0.72
341930	19	18	0.51
341960	11	1	0.92
3420	4	1	0.80
342020	34	15	0.69
342200	2151	514	0.81
342230	44	40	0.52
342260	88	29	0.75
342350	66	10	0.87
342380	632	132	0.83
342500	14	15	0.48
342530	36	6	0.86
342560	613	11	0.98
342650	16	3	0.84
342740	19	13	0.59
342860	16	15	0.52
342890	26	21	0.55
342920	16	1	0.94
342980	628	176	0.78
343070	44	42	0.51
343100	457	107	0.81
343250	2	1	0.67
343280	64	30	0.68
343340	17	24	0.41
343370	70	5	0.93
343430	10	2	0.83
343730	195	14	0.93
343820	14	5	0.74
344030	8	9	0.47
34410	108	22	0.83
344180	29	7	0.81
344240	146	13	0.92
344270	9	2	0.82
344300	34	15	0.69
344630	96	5	0.95
344810	49	13	0.79
344840	79	88	0.47
344900	17	21	0.45
344960	3	2	0.60
3450	38	4	0.90
34500	15	4	0.79
345080	66	21	0.76
345140	43	22	0.66
345200	99	11	0.90
345260	164	81	0.67
345290	3	2	0.60
345350	808	162	0.83
345440	29	31	0.48
345620	28	5	0.85
345650	1004	120	0.89
345710	10	27	0.27
345860	68	14	0.83
345920	10	28	0.26
346010	11120	467	0.96
346040	13	33	0.28
346160	11	11	0.50
346220	57	40	0.59
346250	880	123	0.88
346340	23	6	0.79
346370	48	185	0.21
346430	1	2	0.33
346460	68	18	0.79
346490	4	3	0.57
34650	2	0	1.00
346550	22	11	0.67
346610	34	12	0.74
346670	6	10	0.38
346730	113	19	0.86
346850	174	17	0.91
346940	1144	168	0.87
346970	157	8	0.95
347030	32	47	0.41
347060	14	17	0.45
347240	1	2	0.33
347270	6	3	0.67
347480	3	4	0.43
347510	64	8	0.89
347630	21	10	0.68
347660	13	0	1.00
347690	16	6	0.73
347720	47	7	0.87
347930	1	7	0.12
3480	488	26	0.95
34800	12	8	0.60
348020	110	198	0.36
348200	112	16	0.88
348290	32	38	0.46
3483	331	22	0.94
34830	411	458	0.47
348380	26	79	0.25
348440	23	1	0.96
348470	233	73	0.76
348530	9	6	0.60
348620	701	37	0.95
348650	7	15	0.32
348710	135	20	0.87
348860	41	8	0.84
348950	36	2	0.95
348980	2	9	0.18
349040	1994	583	0.77
349100	30	0	1.00
34920	26	93	0.22
349220	162	20	0.89
349250	45	2	0.96
349280	7	3	0.70
349460	10	5	0.67
349550	27	14	0.66
349580	139	219	0.39
349700	1383	2215	0.38
349760	25	0	1.00
350000	3	3	0.50
350090	15	8	0.65
350150	76	22	0.78
350210	27	5	0.84
350330	0	4	0.00
350510	13	9	0.59
350600	68	15	0.82
350630	18	14	0.56
350660	53	97	0.35
35070	35	12	0.74
350780	76	16	0.83
350810	117	40	0.75
350840	1	4	0.20
350990	47	92	0.34
3510	12	4	0.75
351050	34	18	0.65
351080	15	9	0.62
351140	87	101	0.46
351170	14	0	1.00
351230	79	8	0.91
351290	1335	1099	0.55
35130	882	81	0.92
351410	14	0	1.00
351800	920	226	0.80
351860	35	9	0.80
351920	15	3	0.83
352010	88	51	0.63
352070	71	5	0.93
352130	16	1	0.94
352160	83	61	0.58
352190	16	7	0.70
352220	92	26	0.78
352280	2	5	0.29
352400	702	193	0.78
352430	61	27	0.69
352460	1996	843	0.70
352520	255	24	0.91
352580	16	6	0.73
352610	62	3	0.95
352640	10	1	0.91
352700	268	32	0.89
352760	13	4	0.76
352790	7	1	0.88
352850	15	3	0.83
353090	124	5	0.96
35310	40	21	0.66
353270	241	0	1.00
353300	3	2	0.60
353330	300	23	0.93
353360	1562	237	0.87
353540	152	1	0.99
353600	3	6	0.33
353630	24	21	0.53
353690	132	80	0.62
353990	8	1	0.89
3540	188	10	0.95
354050	12	7	0.63
354140	391	24	0.94
354200	375	259	0.59
354230	18	4	0.82
354290	320	143	0.69
354380	300	148	0.67
354560	23	10	0.70
35460	325	97	0.77
354620	34	9	0.79
354650	255	46	0.85
354680	157	19	0.89
354740	47	2	0.96
354770	13	2	0.87
354830	37	7	0.84
354860	66	17	0.80
354920	15	8	0.65
354950	25	11	0.69
355010	2	4	0.33
355070	18	36	0.33
355100	18	12	0.60
355130	71	31	0.70
355250	93	51	0.65
355310	24	7	0.77
355400	19	0	1.00
355430	12	21	0.36
355520	122	26	0.82
355910	14	3	0.82
355970	155	47	0.77
356000	69	19	0.78
356090	17	1	0.94
356180	43	22	0.66
356210	2	1	0.67
356270	14	11	0.56
356330	280	228	0.55
356390	41	6	0.87
356420	100	13	0.88
356510	74	36	0.67
356540	9	6	0.60
356570	1511	292	0.84
356870	1	3	0.25
35700	2742	128	0.96
357200	5	18	0.22
357290	38	66	0.37
357320	27	11	0.71
357650	111	22	0.83
357770	67	317	0.17
357830	16	4	0.80
357890	14	3	0.82
357920	10	15	0.40
358070	59	3	0.95
358130	450	61	0.88
358190	14	2	0.88
358220	12	0	1.00
358250	25	3	0.89
358280	14	9	0.61
358310	7	1	0.88
358340	13	5	0.72
358370	22	0	1.00
358400	12	1	0.92
358460	78	35	0.69
358490	3	0	1.00
358610	1	8	0.11
358700	7	8	0.47
358760	13	2	0.87
359060	18	16	0.53
359090	14	3	0.82
359300	2	6	0.25
359390	823	34	0.96
359450	8	4	0.67
359600	25	26	0.49
359630	15	2	0.88
359840	36	1	0.97
359870	1908	156	0.92
359900	136	120	0.53
359960	49	31	0.61
360	349	126	0.73
3600	59	34	0.63
36000	81	76	0.52
360170	846	336	0.72
360380	117	83	0.58
360530	9	0	1.00
360590	8	49	0.14
360620	80	10	0.89
360650	156	29	0.84
360680	4	2	0.67
360740	1815	43	0.98
360890	18	34	0.35
360950	193	67	0.74
361040	72	7	0.91
361130	20	13	0.61
361160	6	1	0.86
361190	91	67	0.58
361250	0	1	0.00
361280	831	87	0.91
361400	11	34	0.24
361430	13	8	0.62
36150	4	0	1.00
361550	304	154	0.66
361670	89	20	0.82
36180	8	5	0.62
361850	39	2	0.95
361970	8	1	0.89
362090	142	9	0.94
36210	5	3	0.62
36240	6	0	1.00
362660	37	19	0.66
36270	6	1	0.86
362780	8	10	0.44
362810	154	32	0.83
362870	96	11	0.90
362930	463	116	0.80
362960	1553	248	0.86
36300	6	2	0.75
363050	18	1	0.95
363110	1	1	0.50
363200	4	3	0.57
363440	535	172	0.76
363530	7	13	0.35
363620	152	82	0.65
363650	14	9	0.61
363680	1445	588	0.71
363890	621	81	0.88
363920	9	6	0.60
363950	44	0	1.00
363980	76	11	0.87
364100	14	3	0.82
364130	11	5	0.69
364250	17	1	0.94
364370	7	7	0.50
364640	53	10	0.84
364670	16	9	0.64
364790	8	1	0.89
364820	9	8	0.53
364850	7	0	1.00
364880	4	1	0.80
364910	1	2	0.33
364970	12	2	0.86
365060	8	2	0.80
365090	13	0	1.00
365120	20	9	0.69
365150	8	11	0.42
365210	52	5	0.91
365270	20	13	0.61
365300	2123	125	0.94
365330	24	21	0.53
365360	995	67	0.94
365420	12	20	0.38
365450	2905	194	0.94
365480	25	7	0.78
365510	3	0	1.00
365660	146	26	0.85
365750	4	9	0.31
365810	156	34	0.82
365870	29	3	0.91
365900	81	8	0.91
365930	2	5	0.29
365960	166	35	0.83
366050	3	0	1.00
366230	11	7	0.61
366260	30	8	0.79
366290	43	30	0.59
366320	233	31	0.88
366350	6	4	0.60
366410	4	0	1.00
366440	447	268	0.63
366530	7	10	0.41
366590	10	0	1.00
366620	21	1	0.95
366800	97	23	0.81
366860	18	5	0.78
366890	45	208	0.18
367010	16	8	0.67
367040	0	1	0.00
367220	0	5	0.00
367340	7	21	0.25
367430	26	1	0.96
367550	28	14	0.67
367580	1922	57	0.97
367670	691	32	0.96
367700	4	13	0.24
368150	13	3	0.81
368180	80	20	0.80
368360	879	323	0.73
368450	46	30	0.61
368600	16	0	1.00
368690	7	4	0.64
368720	75	25	0.75
368750	46	77	0.37
368780	10	11	0.48
368900	198	261	0.43
368990	339	603	0.36
36900	0	2	0.00
369080	11	62	0.15
369110	183	91	0.67
369200	4384	2132	0.67
369290	84	21	0.80
369530	55	3	0.95
369560	56	7	0.89
369830	22	1	0.96
369860	2	1	0.67
369890	38	20	0.66
370040	12	7	0.63
370070	61	9	0.87
370100	683	1690	0.29
370130	5	1	0.83
370190	83	63	0.57
370220	13	18	0.42
370280	67	3	0.96
370310	8	21	0.28
370460	89	4	0.96
370490	19	1	0.95
370550	29	2	0.94
370640	5	8	0.38
370670	18	0	1.00
370700	11	3	0.79
370730	2	0	1.00
370910	256	16	0.94
370940	25	1	0.96
370970	1	1	0.50
371000	8	9	0.47
371120	17	17	0.50
371180	280	27	0.91
371210	15	18	0.45
371300	86	9	0.91
371330	70	24	0.74
371360	5	13	0.28
371390	25	38	0.40
371420	180	58	0.76
371450	47	15	0.76
371510	32	35	0.48
371570	160	70	0.70
371660	1678	502	0.77
371690	14	5	0.74
371810	4	5	0.44
371900	11	5	0.69
3720	998	46	0.96
372260	29	1	0.97
37230	8	0	1.00
372350	56	2	0.97
372380	30	7	0.81
372560	3	1	0.75
372590	22	0	1.00
37260	31	2	0.94
372650	27	15	0.64
372740	6	9	0.40
372770	5	2	0.71
372800	612	186	0.77
372830	42	9	0.82
372890	1	2	0.33
37290	4	1	0.80
372950	5	0	1.00
373460	6	1	0.86
373610	25	0	1.00
373670	4	2	0.67
373730	26	18	0.59
37380	5	3	0.62
373820	3	1	0.75
373880	5	8	0.38
373970	145	10	0.94
374030	231	129	0.64
374060	56	20	0.74
374090	14	3	0.82
374120	3	4	0.43
374150	11	2	0.85
374240	21	9	0.70
374450	11	4	0.73
374510	5	9	0.36
374630	4	0	1.00
374990	4	1	0.80
37500	22	9	0.71
375020	7	8	0.47
375170	17	5	0.77
375200	343	26	0.93
375230	1977	1432	0.58
375290	9	3	0.75
375320	16	12	0.57
375500	33	4	0.89
375530	308	30	0.91
375620	4	31	0.11
375680	34	46	0.42
375710	92	54	0.63
375770	22	5	0.81
375950	2481	274	0.90
376130	15	14	0.52
376160	2	0	1.00
376250	25	5	0.83
376310	121	159	0.43
376520	43	2	0.96
376730	7	22	0.24
376760	15	5	0.75
376790	9	2	0.82
376880	15	0	1.00
377120	11	9	0.55
377150	35	19	0.65
377330	328	46	0.88
377360	39	20	0.66
377450	25	0	1.00
377480	13	7	0.65
377570	18	5	0.78
377600	58	13	0.82
377660	36	0	1.00
377690	75	5	0.94
377720	16	2	0.89
377840	1272	102	0.93
377870	116	24	0.83
378080	42	5	0.89
378110	48	10	0.83
378260	37	16	0.70
378530	18	1	0.95
378590	13	11	0.54
378770	45	4	0.92
378800	70	24	0.74
378830	18	9	0.67
379370	9	5	0.64
379520	11	0	1.00
379610	8	0	1.00
379640	72	7	0.91
379670	16	2	0.89
379760	25	1	0.96
380000	7	4	0.64
380120	4	0	1.00
380150	347	72	0.83
380210	11	6	0.65
380360	300	112	0.73
380540	15	11	0.58
380570	19	30	0.39
380600	2522	788	0.76
380690	9	4	0.69
38070	8	0	1.00
380750	71	24	0.75
380840	736	96	0.88
380990	6	4	0.60
3810	149	51	0.74
38100	1	0	1.00
381020	296	22	0.93
381050	24	9	0.73
381140	6	8	0.43
381170	4	8	0.33
381260	80	32	0.71
38130	6	1	0.86
381320	28	2	0.93
381560	138	164	0.46
381590	29	21	0.58
38160	2	0	1.00
381800	10	5	0.67
38190	2	2	0.50
382130	19	10	0.66
382160	7	9	0.44
382250	18	5	0.78
382490	1732	110	0.94
382880	11	7	0.61
382970	31	55	0.36
383120	3697	616	0.86
383150	392	184	0.68
383180	87	53	0.62
383240	5	8	0.38
383270	101	6	0.94
383330	24	18	0.57
383540	17	4	0.81
383630	12	6	0.67
383690	46	9	0.84
383720	26	13	0.67
383750	21	8	0.72
383780	5	3	0.62
383810	4	6	0.40
383870	12412	2104	0.86
383930	116	26	0.82
383960	37	6	0.86
38400	1830	137	0.93
384080	47	25	0.65
384110	157	19	0.89
38430	71	18	0.80
384320	12	5	0.71
384500	329	30	0.92
384590	14	0	1.00
38460	46	7	0.87
384680	103	10	0.91
384740	158	59	0.73
384890	8	3	0.73
38490	17	9	0.65
384950	12	6	0.67
384980	196	84	0.70
385070	35	7	0.83
385130	19	4	0.83
385190	9	2	0.82
385220	7	6	0.54
385250	157	0	1.00
385310	20	9	0.69
385370	558	70	0.89
385400	72	129	0.36
385460	1	3	0.25
385490	10	23	0.30
385700	11	14	0.44
385730	701	489	0.59
385760	618	419	0.60
385880	65	129	0.34
386090	10	2	0.83
386180	132	59	0.69
386330	3	9	0.25
386420	15	5	0.75
386480	49	23	0.68
386510	53	33	0.62
386540	12	13	0.48
386600	5	2	0.71
386690	139	43	0.76
386750	26	6	0.81
386840	17	3	0.85
386870	34	19	0.64
386900	70	7	0.91
386930	39	10	0.80
386990	87	34	0.72
38700	554	83	0.87
387290	2041	69	0.97
387770	2	0	1.00
387860	2379	560	0.81
387890	1	5	0.17
388010	4	1	0.80
388160	5	15	0.25
388340	168	40	0.81
388370	23	5	0.82
388430	21	5	0.81
388490	109	85	0.56
388730	21	2	0.91
388880	2257	137	0.94
388970	27	2	0.93
389120	7	4	0.64
389270	36	23	0.61
389510	246	32	0.88
389570	2631	929	0.74
389690	0	3	0.00
389810	15	18	0.45
389840	19	13	0.59
389870	93	48	0.66
389900	37	15	0.71
3900	623	48	0.93
39000	3819	468	0.89
390200	26	19	0.58
390290	141	21	0.87
390680	30	0	1.00
390890	50	3	0.94
390920	20	3	0.87
391040	813	127	0.86
391070	115	288	0.29
391100	8	3	0.73
391130	3	12	0.20
391160	34	14	0.71
39120	3466	988	0.78
391220	6121	596	0.91
391250	44	6	0.88
391280	90	33	0.73
391310	18	8	0.69
391340	11	22	0.33
391460	2896	1953	0.60
391490	22	4	0.85
39150	2285	326	0.88
391520	13	13	0.50
391550	11	5	0.69
391580	23	5	0.82
391730	644	49	0.93
391820	5	10	0.33
392000	134	28	0.83
392030	12	0	1.00
39210	3513	536	0.87
392120	9	7	0.56
392330	8	0	1.00
392450	313	35	0.90
392600	14	1	0.93
392720	7	0	1.00
392780	12	5	0.71
392930	5	7	0.42
393170	20	0	1.00
393200	236	36	0.87
393230	1	10	0.09
393290	2	7	0.22
393320	2	0	1.00
393350	19	3	0.86
393380	6402	1501	0.81
393410	275	147	0.65
393530	380	243	0.61
393740	17	1	0.94
393770	2	4	0.33
393860	6	3	0.67
393920	60	52	0.54
393950	5	7	0.42
393980	122	25	0.83
394130	80	3	0.96
394160	21	4	0.84
394220	54	11	0.83
394280	28	25	0.53
394310	1237	619	0.67
394550	28	1	0.97
394700	37	3	0.93
394760	178	68	0.72
394850	66	12	0.85
394970	723	37	0.95
39510	467	104	0.82
395150	15	6	0.71
395270	107	28	0.79
395300	2	0	1.00
39540	164	39	0.81
395420	47	10	0.82
395480	3	0	1.00
395570	79	24	0.77
395600	27	5	0.84
395900	29	17	0.63
3960	25	40	0.38
396230	118	23	0.84
39630	60	25	0.71
396320	10	4	0.71
396530	8	13	0.38
396590	26	5	0.84
39660	34	21	0.62
396650	336	12	0.97
396800	54	5	0.92
396860	79	13	0.86
396890	102	22	0.82
39690	212	248	0.46
397040	39	54	0.42
397100	285	81	0.78
397160	24	4	0.86
397190	21	5	0.81
397310	23	7	0.77
397340	2104	175	0.92
397430	208	7	0.97
397460	255	17	0.94
397580	14	25	0.36
397640	5	2	0.71
397670	5	10	0.33
397700	4	25	0.14
397730	5	0	1.00
397820	11	8	0.58
397940	1	5	0.17
397970	9	3	0.75
398000	47	0	1.00
398150	6	4	0.60
398180	87	31	0.74
398210	9	50	0.15
398450	94	21	0.82
398630	9	2	0.82
398840	99	83	0.54
398930	13	5	0.72
398960	10	1	0.91
3990	40	10	0.80
39900	9	5	0.64
399140	22	1	0.96
399230	11	24	0.31
399260	10	7	0.59
399530	4	0	1.00
399890	29	8	0.78
399920	11	7	0.61
400040	164	5	0.97
400160	172	16	0.91
400220	9	2	0.82
400250	272	273	0.50
400370	39	7	0.85
400580	83	4	0.95
400790	75	10	0.88
400880	5	10	0.33
400910	701	15	0.98
401090	31	8	0.79
401120	24	2	0.92
401210	0	2	0.00
401330	17	4	0.81
401360	98	30	0.77
401420	9	9	0.50
401510	9	0	1.00
401690	74	37	0.67
401780	3	7	0.30
401810	206	12	0.94
401840	40	8	0.83
40200	4	2	0.67
402020	925	325	0.74
402170	8	18	0.31
402260	129	24	0.84
402560	115	87	0.57
402620	242	6	0.98
402710	1770	604	0.75
402800	21	6	0.78
402890	66	59	0.53
402980	9	9	0.50
403040	68	31	0.69
403100	2	1	0.67
403190	1726	510	0.77
40320	20	6	0.77
403400	16	6	0.73
403430	44	8	0.85
403460	3	2	0.60
403490	7	4	0.64
40350	75	8	0.90
403640	4731	2359	0.67
403670	33	13	0.72
403700	150	21	0.88
40380	247	54	0.82
403850	28	16	0.64
403880	6	12	0.33
403970	136	42	0.76
404030	9	0	1.00
404150	28	18	0.61
404180	29	3	0.91
404270	13	2	0.87
404420	8	3	0.73
404480	570	37	0.94
404510	15	5	0.75
404630	9	3	0.75
404660	8	2	0.80
404690	72	19	0.79
404750	8	2	0.80
404810	6	6	0.50
40500	6	17	0.26
405050	2	7	0.22
405440	2	5	0.29
405500	115	179	0.39
405530	15	1	0.94
405590	9	5	0.64
405650	66	20	0.77
405860	20	5	0.80
405950	106	3	0.97
405980	104	40	0.72
406130	155	17	0.90
406220	30	6	0.83
406280	26	16	0.62
406310	38	28	0.58
406550	91	3	0.97
406670	1	0	1.00
406730	9	2	0.82
406760	2	1	0.67
406850	63	13	0.83
406940	48	18	0.73
406970	95	19	0.83
407000	6	10	0.38
407060	146	23	0.86
407120	155	53	0.75
407300	26	19	0.58
407330	272	15	0.95
407420	124	164	0.43
407510	577	460	0.56
407600	7	9	0.44
407690	21	31	0.40
407720	15	23	0.39
407780	60	4	0.94
407810	251	47	0.84
407900	1053	23	0.98
40800	9347	527	0.95
408110	6	1	0.86
408170	14	0	1.00
408440	3	13	0.19
408650	140	7	0.95
408740	167	192	0.47
408770	41	11	0.79
408920	30	15	0.67
409040	21	7	0.75
409070	10	1	0.91
409100	186	19	0.91
409160	4237	289	0.94
409310	3	4	0.43
409340	25	12	0.68
409370	4	4	0.50
409460	16	5	0.76
40950	712	58	0.92
409520	9	1	0.90
409580	1	4	0.20
409610	5	0	1.00
409670	363	29	0.93
409730	50	3	0.94
40980	60	17	0.78
409910	52	9	0.85
410000	5	0	1.00
410120	7	1	0.88
410150	19	0	1.00
410540	1	3	0.25
410570	53	12	0.82
41070	3497	463	0.88
410840	39	1	0.97
410990	9	17	0.35
41100	538	244	0.69
411080	112	17	0.87
411320	5	0	1.00
411560	500	61	0.89
411590	25	5	0.83
411620	18	8	0.69
411680	26	4	0.87
411740	14	5	0.74
411830	868	38	0.96
412010	9	8	0.53
412130	20	15	0.57
412250	12	11	0.52
412310	84	9	0.90
412370	5	2	0.71
412400	137	622	0.18
412460	48	43	0.53
412490	8	6	0.57
412670	114	2	0.98
412730	19	34	0.36
412790	48	13	0.79
412880	651	341	0.66
412940	119	70	0.63
412970	2	1	0.67
413030	36	17	0.68
413420	924	16	0.98
413480	11	5	0.69
413510	16	7	0.70
413540	7	0	1.00
413870	49	3	0.94
41400	6	8	0.43
414080	43	30	0.59
414260	13	3	0.81
414290	158	35	0.82
414500	1	4	0.20
414920	47	11	0.81
414950	78	22	0.78
415010	27	7	0.79
415400	50	11	0.82
415490	27	30	0.47
415610	26	2	0.93
415670	41	4	0.91
415850	104	16	0.87
415910	24	2	0.92
416030	24	7	0.77
416180	21	1	0.95
416210	217	49	0.82
416240	44	4	0.92
416270	67	51	0.57
416330	5	5	0.50
416360	46	0	1.00
416390	4	2	0.67
416450	54	51	0.51
416630	19	23	0.45
416690	627	52	0.92
416720	5	4	0.56
41700	95	0	1.00
417110	42	7	0.86
417290	266	12	0.96
417860	14897	2169	0.87
417890	288	90	0.76
417980	33	3	0.92
418040	123	14	0.90
418070	36	1	0.97
418160	18	3	0.86
418190	128	4	0.97
418250	87	56	0.61
418280	13	19	0.41
418310	1	2	0.33
418340	4154	717	0.85
418430	2	6	0.25
418520	39	0	1.00
418610	27	24	0.53
418640	7	3	0.70
418670	23	1	0.96
418910	68	24	0.74
419000	4	1	0.80
419090	16	2	0.89
419480	30	0	1.00
419810	10	1	0.91
420	4411	178	0.96
42000	4	4	0.50
420110	1184	29	0.98
420380	8	1	0.89
420440	214	36	0.86
420740	458	19	0.96
420770	43	9	0.83
420920	10	6	0.62
420950	49	20	0.71
421040	824	130	0.86
42120	451	189	0.70
421610	14	2	0.88
421670	384	45	0.90
421700	138	27	0.84
421880	23	9	0.72
422030	8	3	0.73
42210	27	13	0.68
422210	12	0	1.00
422270	8	10	0.44
422300	8	1	0.89
422420	50	285	0.15
422630	76	31	0.71
422900	251	24	0.91
4230	35	12	0.74
423230	617	39	0.94
423320	56	10	0.85
423440	24	1	0.96
423590	36	1	0.97
423620	147	42	0.78
423650	6	12	0.33
423710	29	29	0.50
423770	39	9	0.81
423800	24	8	0.75
423920	28	17	0.62
423950	23	13	0.64
424010	5	1	0.83
424040	9	0	1.00
424100	4	1	0.80
424250	116	33	0.78
424280	3194	63	0.98
424310	1	0	1.00
424370	279	64	0.81
424640	22	3	0.88
424760	18	5	0.78
424850	2	3	0.40
425150	23	7	0.77
425210	155	47	0.77
425300	0	3	0.00
425720	134	28	0.83
425870	10	1	0.91
426170	23	5	0.82
426290	15	4	0.79
426560	15	24	0.38
426590	34	9	0.79
42690	1	1	0.50
427040	1	6	0.14
427100	140	141	0.50
427190	635	26	0.96
427250	629	109	0.85
427520	12414	139	0.99
427550	24	12	0.67
427730	4361	1169	0.79
427760	279	28	0.91
427820	120	22	0.85
427910	181	46	0.80
42810	27	5	0.84
428180	24	10	0.71
428210	7	9	0.44
428240	3	0	1.00
428270	12	5	0.71
428420	15	16	0.48
428510	10	4	0.71
428540	40	6	0.87
428690	2408	639	0.79
428750	176	4	0.98
428870	44	14	0.76
428900	155	27	0.85
429020	19	22	0.46
429050	185	46	0.80
429200	11	5	0.69
429260	14	2	0.88
42930	0	2	0.00
429350	11	0	1.00
429530	15	9	0.62
42960	878	125	0.88
429620	71	25	0.74
429680	418	134	0.76
429830	94	8	0.92
42990	209	325	0.39
429950	1	11	0.08
430190	5	0	1.00
430280	3	2	0.60
431000	1	6	0.14
43110	6239	565	0.92
431180	238	35	0.87
431240	520	0	1.00
431300	2	1	0.67
431330	8	11	0.42
431360	7	4	0.64
431390	11	2	0.85
431450	90	19	0.83
431510	162	23	0.88
431540	112	26	0.81
431570	2	3	0.40
431600	211	34	0.86
431630	13	1	0.93
431750	2	1	0.67
431810	15	8	0.65
431840	42	16	0.72
431870	20	7	0.74
431960	462	13	0.97
431990	21	34	0.38
432020	116	112	0.51
432170	13	14	0.48
432230	8	0	1.00
432260	8	0	1.00
432290	22	27	0.45
432380	8	1	0.89
432410	2	4	0.33
432470	10	37	0.21
432500	30	24	0.56
432590	12	3	0.80
432620	4	0	1.00
432950	12	0	1.00
432980	41	2	0.95
433100	173	60	0.74
433130	2	3	0.40
433190	40	17	0.70
433280	70	28	0.71
433400	25	2	0.93
433490	18	0	1.00
433580	1	0	1.00
433670	35	25	0.58
433700	23	2	0.92
433790	6	9	0.40
433850	9330	5635	0.62
433910	142	16	0.90
434000	116	18	0.87
434030	211	60	0.78
434120	62	28	0.69
434210	116	11	0.91
434240	7	0	1.00
434270	2	1	0.67
434360	35	17	0.67
434390	10	1	0.91
434480	27	17	0.61
434540	0	1	0.00
434570	3706	99	0.97
434780	10	6	0.62
434870	3	3	0.50
434930	6	6	0.50
434960	0	5	0.00
43500	31	49	0.39
435080	1	2	0.33
435140	8	1	0.89
435440	31	52	0.37
435530	403	134	0.75
435800	32	0	1.00
436160	39	45	0.46
436220	93	5	0.95
436280	17	5	0.77
436400	17	3	0.85
436490	75	24	0.76
436520	209	130	0.62
436820	160	2	0.99
436850	3	1	0.75
436940	39	4	0.91
437000	35	10	0.78
437030	4	1	0.80
437060	10	0	1.00
437090	19	1	0.95
437180	4	0	1.00
437420	35	3	0.92
437510	3	0	1.00
437570	127	5	0.96
437870	42	23	0.65
437900	153	10	0.94
438020	13	25	0.34
438080	86	22	0.80
438110	1	2	0.33
438140	119	30	0.80
438350	21	1	0.95
438650	6	4	0.60
438680	348	87	0.80
438920	126	23	0.85
439190	367	52	0.88
439250	46	4	0.92
439310	24	3	0.89
439460	17	7	0.71
439490	77	0	1.00
439550	11	8	0.58
439700	20	7	0.74
439730	13	0	1.00
439910	61	16	0.79
440330	13	10	0.57
440420	49	3	0.94
440540	81	6	0.93
440630	294	38	0.89
440660	1	0	1.00
440750	8	2	0.80
440870	5	2	0.71
44100	49	9	0.84
441020	68	90	0.43
441050	80	4	0.95
441230	25	1	0.96
441350	19	3	0.86
441380	77	44	0.64
441680	10	5	0.67
441770	24	1	0.96
441920	194	176	0.52
442070	80	9	0.90
442190	2	5	0.29
442220	15	12	0.56
442760	0	3	0.00
44310	82	36	0.69
443330	39	11	0.78
443360	5	0	1.00
44340	246	257	0.49
443420	95	6	0.94
443450	22	2	0.92
443570	7	4	0.64
443630	39	2	0.95
443810	738	217	0.77
443900	6	6	0.50
444020	3	0	1.00
444140	120	10	0.92
444200	417	216	0.66
444260	34	29	0.54
444320	12	12	0.50
444350	17	70	0.20
444410	4	6	0.40
444440	13	16	0.45
444530	25	5	0.83
444590	35	4	0.90
444620	19	25	0.43
444650	14	10	0.58
444770	22	1	0.96
444800	112	9	0.93
444830	11	1	0.92
444860	10	1	0.91
444950	1	2	0.33
445040	18	2	0.90
445130	365	116	0.76
445310	19	20	0.49
445550	7	0	1.00
445670	3	2	0.60
445880	1	7	0.12
446000	33	13	0.72
446120	108	8	0.93
446330	38	1	0.97
446390	95	35	0.73
446450	1	7	0.12
446480	0	10	0.00
446540	68	39	0.64
446570	0	1	0.00
446600	18	9	0.67
446780	25	33	0.43
446870	4	7	0.36
446990	83	24	0.78
4470	11	8	0.58
447020	1324	101	0.93
447170	29	11	0.72
447200	33	1	0.97
447500	425	371	0.53
447530	1842	31	0.98
447860	11	5	0.69
447890	66	13	0.84
447950	16	1	0.94
448010	16	1	0.94
448070	92	72	0.56
448130	42	49	0.46
448160	16	0	1.00
448250	14	18	0.44
448280	453	61	0.88
448310	21	20	0.51
448370	386	11	0.97
448400	19	1	0.95
448520	17	1	0.94
448580	62	4	0.94
448610	32	17	0.65
448640	11	1	0.92
448670	7	3	0.70
448790	13	1	0.93
448820	4	2	0.67
448880	3	4	0.43
448910	26	4	0.87
448940	3	12	0.20
449000	81	21	0.79
449060	38	5	0.88
449090	16	12	0.57
449150	7	1	0.88
449210	44	6	0.88
449240	10	0	1.00
449300	128	58	0.69
449420	5	0	1.00
449450	5	0	1.00
449540	911	144	0.86
449630	68	165	0.29
449690	11	5	0.69
449780	7	34	0.17
449960	208	12	0.95
4500	2833	147	0.95
45000	177	11	0.94
450020	3	5	0.38
450050	18	7	0.72
450110	28	8	0.78
450140	11	0	1.00
450290	10	6	0.62
450440	28	1	0.97
450500	51	1	0.98
450590	8	9	0.47
450650	10	0	1.00
450740	9	7	0.56
451010	51	4	0.93
451100	8	0	1.00
451130	40	32	0.56
451400	33	13	0.72
451520	349	39	0.90
451670	17	8	0.68
451700	2	3	0.40
451760	206	4	0.98
451880	75	15	0.83
452000	2	4	0.33
452060	152	21	0.88
452120	23	1	0.96
452240	7	0	1.00
452420	54	8	0.87
452510	140	9	0.94
452780	350	202	0.63
452930	0	2	0.00
4530	31	12	0.72
45300	146	62	0.70
453170	108	5	0.96
453290	25	12	0.68
453350	4	4	0.50
453650	10	0	1.00
453680	25	8	0.76
453710	32	5	0.86
453740	14	1	0.93
453770	12	3	0.80
453830	5	0	1.00
453890	226	40	0.85
453980	28	42	0.40
454040	8	29	0.22
454070	28	2	0.93
454100	24	8	0.75
454130	9	1	0.90
454160	34	3	0.92
454190	50	4	0.93
45420	7	1	0.88
454220	37	7	0.84
454250	58	11	0.84
454430	3	6	0.33
45450	225	25	0.90
454520	13	2	0.87
454550	25	14	0.64
454610	4	1	0.80
454670	4	7	0.36
454730	2	2	0.50
454970	13	3	0.81
455000	0	1	0.00
455120	57	55	0.51
455720	4	2	0.67
4560	2129	123	0.95
456440	11	3	0.79
456590	72	36	0.67
456830	9	1	0.90
456920	8	7	0.53
456980	4	1	0.80
457010	68	15	0.82
45720	40	40	0.50
457340	17	2	0.89
457490	42	5	0.89
457520	27	12	0.69
457550	279	26	0.91
457580	93	28	0.77
457670	20	11	0.65
457820	11	7	0.61
458000	274	65	0.81
458030	6	1	0.86
458060	16	17	0.48
458330	14	0	1.00
458420	7	1	0.88
458450	6	4	0.60
458480	35	8	0.81
458510	6	1	0.86
458630	29	6	0.83
458750	3	0	1.00
458900	15	15	0.50
458960	102	65	0.61
459020	7	5	0.58
459170	11	13	0.46
459260	13	12	0.52
459440	20	25	0.44
459470	21	12	0.64
459680	39	6	0.87
460160	92	6	0.94
460190	17	1	0.94
460220	15	1	0.94
460340	59	4	0.94
460580	4	5	0.44
460640	38	17	0.69
460700	138	31	0.82
460850	149	8	0.95
460910	28	4	0.88
460940	21	3	0.88
460970	16	0	1.00
461180	23	11	0.68
461210	7	8	0.47
461360	21	1	0.95
461480	14	0	1.00
461570	50	30	0.62
461600	1	0	1.00
461690	6	1	0.86
461720	18	6	0.75
461750	39	26	0.60
461780	43	40	0.52
461840	285	13	0.96
46200	10	9	0.53
462200	33	7	0.82
46260	80	36	0.69
462680	14	5	0.74
462830	11	19	0.37
462860	18	4	0.82
46290	35	30	0.54
462950	7	3	0.70
463010	2	1	0.67
463040	5	16	0.24
463070	16	0	1.00
463100	1	19	0.05
463220	49	15	0.77
463250	20	5	0.80
463400	11	1	0.92
463460	7	2	0.78
46350	9	12	0.43
463520	5	4	0.56
463550	9	6	0.60
463670	8	9	0.47
463760	9	0	1.00
46380	15	16	0.48
463850	39	10	0.80
46410	114	60	0.66
464120	6	2	0.75
464240	8	2	0.80
464360	57	2	0.97
46440	42	108	0.28
464450	74	3	0.96
464540	60	10	0.86
464630	0	5	0.00
464690	10	10	0.50
464780	330	40	0.89
464900	15	0	1.00
464960	31	2	0.94
46500	473	93	0.84
465170	18	15	0.55
46560	120	100	0.55
466010	3	0	1.00
466040	1	0	1.00
466280	1	1	0.50
466430	27	1	0.96
466490	14	11	0.56
466580	2	3	0.40
466730	14	8	0.64
466790	1	7	0.12
466820	15	2	0.88
466910	810	400	0.67
466940	33	7	0.82
467060	8	1	0.89
467090	9	1	0.90
46710	9	13	0.41
467120	3	0	1.00
467210	69	1	0.99
467360	342	57	0.86
467390	17	10	0.63
46740	33	45	0.42
467480	5	2	0.71
46770	114	32	0.78
467780	28	2	0.93
467900	22	4	0.85
467930	85	21	0.80
467960	22	6	0.79
467990	116	68	0.63
468050	35	0	1.00
468080	3	4	0.43
468110	7	0	1.00
46830	5	7	0.42
468320	6	13	0.32
468530	324	55	0.85
468560	362	305	0.54
468740	29	2	0.94
468800	69	5	0.93
469730	174	31	0.85
469820	693	63	0.92
470030	3	2	0.60
470060	28	3	0.90
470270	55	10	0.85
470450	6	7	0.46
470480	9	1	0.90
470600	22	38	0.37
471170	15	3	0.83
471260	13	2	0.87
47130	4	2	0.67
471380	20	7	0.74
471710	645	6	0.99
471770	18	7	0.72
471920	19	1	0.95
473450	48	7	0.87
473510	27	1	0.96
473540	5	1	0.83
473810	2	10	0.17
473840	7	0	1.00
474050	7	8	0.47
474620	4	2	0.67
474980	30	4	0.88
475100	69	76	0.48
47520	5	0	1.00
475220	7	2	0.78
475430	83	83	0.50
475490	139	27	0.84
475550	288	58	0.83
476030	10	5	0.67
476240	110	5	0.96
476450	19	9	0.68
476510	31	15	0.67
476930	14	3	0.82
4770	128	50	0.72
47700	20	336	0.06
477140	1	2	0.33
477170	22	6	0.79
477200	48	3	0.94
477290	36	16	0.69
47730	30	1	0.97
477770	123	22	0.85
477800	6	10	0.38
47790	845	581	0.59
477950	9	1	0.90
477980	9	4	0.69
478010	13	13	0.50
479000	22	3	0.88
479150	3	0	1.00
479180	0	2	0.00
479990	11	1	0.92
4800	52	16	0.76
48000	7495	567	0.93
481190	6	4	0.60
48150	3	0	1.00
482120	6	11	0.35
482330	7	4	0.64
482390	96	4	0.96
48240	2638	1938	0.58
482450	50	4	0.93
482750	18	5	0.78
482990	17	1	0.94
483260	9	2	0.82
483680	18	3	0.86
483950	11	1	0.92
483980	172	5	0.97
485000	63	27	0.70
485120	29	2	0.94
485240	27	4	0.87
485330	18	20	0.47
485360	30	2	0.94
485390	14	1	0.93
485420	12	25	0.32
485450	14	11	0.56
485570	6	0	1.00
485600	17	3	0.85
485660	11	2	0.85
485690	36	18	0.67
485780	163	3	0.98
485870	75	12	0.86
485900	35	8	0.81
486140	2	1	0.67
486170	4	5	0.44
486350	1	2	0.33
486470	7	8	0.47
486500	4	1	0.80
486650	43	16	0.73
487160	14	1	0.93
48720	1445	362	0.80
487220	160	44	0.78
487250	23	31	0.43
487370	18	4	0.82
487430	63	8	0.89
487580	6	7	0.46
487700	34	4	0.89
488150	22	5	0.81
488210	28	48	0.37
488330	1	0	1.00
488360	12	11	0.52
488510	3	1	0.75
488660	78	12	0.87
488720	26	9	0.74
488960	10	0	1.00
4890	60	46	0.57
48900	112	21	0.84
489020	29	15	0.66
489080	2	1	0.67
489170	17	11	0.61
489440	24	5	0.83
489470	6	3	0.67
489560	58	34	0.63
489740	5	3	0.62
489830	627	372	0.63
489890	11	2	0.85
490100	8	0	1.00
490160	19	1	0.95
490490	24	4	0.86
490820	43	8	0.84
490880	12	2	0.86
490940	0	4	0.00
491000	53	11	0.83
491030	5	2	0.71
491090	34	27	0.56
491210	24	1	0.96
491330	42	2	0.95
491390	8	0	1.00
491510	10	3	0.77
491720	10	2	0.83
4920	1105	114	0.91
492080	16	6	0.73
492170	11	8	0.58
492200	1	0	1.00
492530	11	5	0.69
492710	67	7	0.91
492800	63	69	0.48
492830	0	4	0.00
493100	21	3	0.88
49320	17	15	0.53
493310	5	1	0.83
493340	4507	311	0.94
493370	237	118	0.67
493400	13	4	0.76
493490	92	34	0.73
493580	4	6	0.40
493730	15	12	0.56
493760	5	5	0.50
494000	1	1	0.50
494120	4	3	0.57
494150	130	11	0.92
494360	7	2	0.78
494450	3	3	0.50
494660	1	3	0.25
49470	429	50	0.90
494780	5	2	0.71
494810	104	5	0.95
494990	9	2	0.82
495110	50	5	0.91
495230	7	3	0.70
495320	6	4	0.60
495350	71	17	0.81
495770	1	1	0.50
495890	1082	47	0.96
495980	33	5	0.87
496190	75	2	0.97
496250	128	10	0.93
496310	19	5	0.79
496400	8	3	0.73
496460	213	95	0.69
496490	30	11	0.73
496550	42	65	0.39
496610	1	0	1.00
496640	10	10	0.50
496730	51	18	0.74
496760	8	1	0.89
496850	5	0	1.00
496910	3	1	0.75
496940	1	0	1.00
497090	7	2	0.78
497150	4	0	1.00
497180	270	61	0.82
497270	21	5	0.81
497360	3	4	0.43
497420	14	0	1.00
497720	3	9	0.25
49800	71	101	0.41
498050	8	6	0.57
498620	3	1	0.75
498830	8	1	0.89
498980	9	0	1.00
499100	6	5	0.55
499340	19	1	0.95
499370	7	1	0.88
499400	23	2	0.92
499460	26	7	0.79
499610	10	8	0.56
499760	17	3	0.85
500360	34	4	0.89
500480	13	4	0.76
500570	6	5	0.55
500660	9	5	0.64
500810	122	20	0.86
500870	7	5	0.58
501050	6	9	0.40
501110	20	3	0.87
50130	4128	602	0.87
501380	1	4	0.20
501440	4	3	0.57
501500	1	0	1.00
501740	14	3	0.82
501800	14	11	0.56
501830	9	1	0.90
501920	1	8	0.11
502400	32	11	0.74
502520	449	40	0.92
502550	203	177	0.53
502880	10	11	0.48
502910	2	7	0.22
502940	99	18	0.85
503300	161	29	0.85
503390	13	6	0.68
503420	0	3	0.00
503450	1	2	0.33
503480	16	5	0.76
503630	41	5	0.89
503690	2	0	1.00
503900	1	4	0.20
503960	9	3	0.75
504380	3	0	1.00
504500	2	1	0.67
504560	10	0	1.00
504620	6	0	1.00
504770	228	13	0.95
504800	20	3	0.87
504980	10	30	0.25
505070	6	0	1.00
505220	6	3	0.67
505400	4	0	1.00
505700	90	2	0.98
505760	8	16	0.33
506150	5	0	1.00
506960	9	3	0.75
507050	11	3	0.79
507080	3	0	1.00
507140	3	1	0.75
507380	10	5	0.67
508190	26	6	0.81
50820	19	11	0.63
508220	8	1	0.89
508550	83	21	0.80
508580	9	0	1.00
508670	34	18	0.65
508760	5	1	0.83
508790	25	0	1.00
508820	8	4	0.67
509000	2	0	1.00
50910	3	0	1.00
509210	14	2	0.88
509240	12	5	0.71
509360	32	8	0.80
509390	2	2	0.50
50940	2	1	0.67
509420	90	54	0.62
509570	20	2	0.91
509600	9	6	0.60
50970	4	0	1.00
509840	108	21	0.84
509930	4	1	0.80
509960	6	10	0.38
51000	7	3	0.70
510050	467	46	0.91
510080	4	0	1.00
510290	16	2	0.89
51030	2	0	1.00
510320	3	1	0.75
510410	11	5	0.69
51060	39	8	0.83
510620	78	10	0.89
510650	7	5	0.58
510740	7	1	0.88
511160	16	0	1.00
511190	7	7	0.50
511340	11	9	0.55
511370	8	0	1.00
511430	6	4	0.60
511490	2	0	1.00
511670	3	1	0.75
511790	8	4	0.67
511820	7	2	0.78
512240	22	0	1.00
512300	134	13	0.91
512450	10	2	0.83
512630	7	1	0.88
513200	1	2	0.33
513230	46	32	0.59
513260	1	0	1.00
513320	24	16	0.60
513440	17	25	0.40
513530	3	3	0.50
513560	306	146	0.68
513590	2	2	0.50
513620	14	10	0.58
513650	113	55	0.67
513770	4	5	0.44
513980	4	1	0.80
514010	1	1	0.50
514160	4	0	1.00
514220	4	0	1.00
514310	76	4	0.95
514490	6	7	0.46
514970	11	7	0.61
515570	39	0	1.00
515690	6	4	0.60
516470	6	1	0.86
516560	3	1	0.75
516590	49	4	0.92
516680	0	2	0.00
516920	4	1	0.80
517010	6	3	0.67
517130	49	6	0.89
517160	110	6	0.95
517370	34	6	0.85
517460	9	3	0.75
517550	7	2	0.78
517670	45	3	0.94
517700	2	1	0.67
517790	49	4	0.92
517910	317	18	0.95
517970	1	0	1.00
518030	64	6	0.91
518120	1	0	1.00
518660	101	80	0.56
518690	15	2	0.88
519140	346	178	0.66
519170	7	8	0.47
520010	182	4	0.98
520040	3	0	1.00
520820	4	0	1.00
520850	1	0	1.00
520910	10	0	1.00
521150	143	23	0.86
521210	12	1	0.92
521330	21	5	0.81
521450	13	2	0.87
521540	12	1	0.92
521630	50	16	0.76
521930	11	9	0.55
521990	6	2	0.75
522020	38	4	0.90
523070	6	2	0.75
523160	1	0	1.00
523670	7	2	0.78
523730	8	2	0.80
523790	10	9	0.53
523940	7	4	0.64
524030	13	6	0.68
524120	24	0	1.00
524540	14	2	0.88
524600	3	0	1.00
524660	3	1	0.75
524690	14	0	1.00
524900	79	254	0.24
525080	3	8	0.27
525350	8	3	0.73
525500	16	3	0.84
525740	8	1	0.89
525860	2	0	1.00
526250	57	10	0.85
526310	8	2	0.80
526460	3	19	0.14
526490	20	2	0.91
526790	31	48	0.39
526880	4	6	0.40
527210	3	2	0.60
527330	2	0	1.00
527450	47	34	0.58
527510	4	11	0.27
527570	3	0	1.00
527750	12	17	0.41
527810	4	5	0.44
527990	11	6	0.65
528080	1	5	0.17
528200	115	2	0.98
529040	3	0	1.00
529100	16	0	1.00
529670	43	12	0.78
529940	2	0	1.00
530120	113	3	0.97
530240	8	3	0.73
530330	799	175	0.82
530360	7	0	1.00
530390	173	2	0.99
530540	5	3	0.62
530720	8	1	0.89
530900	62	58	0.52
530960	21	5	0.81
531110	6	1	0.86
531200	12	4	0.75
531530	52	1	0.98
531740	14	3	0.82
531860	4	6	0.40
531890	4	0	1.00
532700	2	1	0.67
533120	19	5	0.79
533300	490	62	0.89
533330	4	3	0.57
533690	42	28	0.60
533780	192	47	0.80
534200	4	0	1.00
534230	46	4	0.92
534290	27	0	1.00
534500	1766	356	0.83
535010	1	0	1.00
535160	2	1	0.67
535250	3	9	0.25
535400	23	5	0.82
535460	13	0	1.00
535490	14	5	0.74
535700	4	1	0.80
535910	10	1	0.91
536210	20	9	0.69
536510	2	4	0.33
536630	5	8	0.38
536750	8	2	0.80
536780	5	2	0.71
537050	3	0	1.00
537200	1	2	0.33
537590	1	2	0.33
537860	11	14	0.44
538100	177	20	0.90
539690	1	2	0.33
539720	16	0	1.00
539750	6	3	0.67
540020	3	7	0.30
540050	4	0	1.00
540410	7	0	1.00
541100	9	14	0.39
541160	4	1	0.80
541190	11	7	0.61
541370	2	5	0.29
541760	2	0	1.00
542120	7	2	0.78
542690	1	4	0.20
542720	3	7	0.30
542780	6	17	0.26
542960	3	0	1.00
543140	12	5	0.71
543170	1	0	1.00
543350	8	3	0.73
543530	11	1	0.92
543650	1	0	1.00
543770	2	4	0.33
543980	31	3	0.91
544130	6	2	0.75
544190	3	0	1.00
544520	12	1	0.92
544820	2	0	1.00
544880	1	1	0.50
545030	21	0	1.00
545330	9	10	0.47
545360	1	1	0.50
545690	21	0	1.00
545960	5	2	0.71
546350	21	2	0.91
546380	2	1	0.67
546440	1	0	1.00
546920	1	12	0.08
547010	16	7	0.70
547880	1	0	1.00
547910	39	7	0.85
549860	62	7	0.90
549920	9	3	0.75
55020	29	21	0.58
550220	8	0	1.00
550820	5	0	1.00
55110	1059	461	0.70
55140	527	175	0.75
551690	26	3	0.90
551720	7	2	0.78
551750	4	2	0.67
551930	5	2	0.71
551960	3	1	0.75
552140	8	0	1.00
55230	3749	145	0.96
552770	5	0	1.00
552980	6	4	0.60
553100	1	4	0.20
553130	9	4	0.69
553610	8	5	0.62
553640	348	17	0.95
553790	1	2	0.33
553910	1	0	1.00
555290	4	1	0.80
555650	2	1	0.67
555710	11	0	1.00
556130	4	0	1.00
556160	1	1	0.50
556280	9	2	0.82
556340	30	1	0.97
556820	44	11	0.80
557630	8	0	1.00
557780	8	5	0.62
558620	1	2	0.33
559010	70	1	0.99
559340	10	8	0.56
559850	4	0	1.00
562220	278	14	0.95
562700	6	4	0.60
563180	5	1	0.83
563510	1	2	0.33
56400	2556	247	0.91
565340	2	3	0.40
570	62923	10618	0.86
57000	46	5	0.90
57300	8903	446	0.95
57690	3606	347	0.91
57900	1757	1058	0.62
58200	179	21	0.90
58230	56	7	0.89
58560	53	8	0.87
60	1040	197	0.84
6000	2835	147	0.95
6030	969	92	0.91
6060	2976	0	1.00
60600	10	10	0.50
6090	56	4	0.93
6120	532	94	0.85
61500	153	28	0.85
6210	48	28	0.63
62100	353	26	0.93
6270	42	40	0.51
630	6057	303	0.95
6300	311	48	0.87
63630	14	1	0.93
63660	74	50	0.60
63900	33	15	0.69
63960	24	36	0.40
6420	230	30	0.88
65070	28	33	0.46
6510	169	73	0.70
65400	53	15	0.78
65610	30	39	0.43
65730	144	133	0.52
65790	1126	325	0.78
6810	74	27	0.73
6840	80	98	0.45
6900	368	163	0.69
70110	69	48	0.59
7020	93	4	0.96
70200	18	9	0.67
70500	21	2	0.91
70620	182	37	0.83
70650	33	50	0.40
7110	510	164	0.76
71250	1067	279	0.79
71340	2955	221	0.93
7200	348	13	0.96
72000	340	52	0.87
7260	19	17	0.53
72900	65	46	0.59
73020	221	85	0.72
7530	33	53	0.38
7620	201	30	0.87
7650	198	22	0.90
7770	68	81	0.46
78000	953	43	0.96
7830	523	101	0.84
7860	201	89	0.69
80310	671	63	0.91
8040	1	0	1.00
8100	19	32	0.37
8190	13479	895	0.94
8220	2	2	0.50
8250	3	1	0.75
8280	4	0	1.00
8310	32	20	0.62
8340	158	12	0.93
8400	369	31	0.92
8790	68	2	0.97
8850	3661	449	0.89
8880	120	74	0.62
8970	14	7	0.67
9000	74	11	0.87
9060	86	22	0.80
91200	916	143	0.86
9180	381	26	0.94
91800	49	6	0.89
92100	257	227	0.53
92220	64	13	0.83
92400	25	7	0.78
92700	21	31	0.40
9420	2015	52	0.97
94200	1306	55	0.96
9450	1533	96	0.94
94500	18	0	1.00
94530	23	2	0.92
94590	278	43	0.87
94620	100	4	0.96
9480	3018	952	0.76
95400	727	52	0.93
95700	475	38	0.93
96900	8	11	0.42
97110	21	3	0.88
98100	243	116	0.68
98400	1336	249	0.84
9870	1060	90	0.92
9900	4153	1266	0.77
99120	12	10	0.55
9930	1193	984	0.55
99300	659	96	0.87
9960	7	6	0.54
99810	1695	464	0.79
9990	21	48	0.30
99900	38	40	0.49
