10	11965	388	0.97
10090	8820	635	0.93
100980	27	2	0.93
10120	9	10	0.47
10150	884	268	0.77
10180	6863	1083	0.86
10240	8	5	0.62
102600	2222	66	0.97
10270	86	59	0.59
102810	44	9	0.83
102840	386	120	0.76
104100	41	18	0.69
104700	1640	822	0.67
105000	277	169	0.62
105300	152	48	0.76
105420	71	25	0.74
105450	97	0	1.00
105600	82350	2478	0.97
107100	14450	340	0.98
107310	1700	121	0.93
108210	72	50	0.59
108600	7253	874	0.89
109200	52	12	0.81
109500	62	50	0.55
110400	67	28	0.71
11050	35	26	0.57
111000	24	21	0.53
111300	14	3	0.82
11140	65	18	0.78
111600	185	33	0.85
111900	95	515	0.16
11200	138	100	0.58
11230	108	61	0.64
11260	23	33	0.41
113400	7493	5111	0.59
115110	646	56	0.92
115200	33	50	0.40
115320	1000	646	0.61
11560	15	13	0.54
115800	992	61	0.94
11590	55	134	0.29
116100	94	69	0.58
11920	8	0	1.00
12100	1105	172	0.87
12130	281	114	0.71
12160	198	41	0.83
12220	1466	656	0.69
12310	25	8	0.76
12340	27	11	0.71
12430	10	43	0.19
12460	31	37	0.46
12520	112	53	0.68
12580	5	5	0.50
12640	77	19	0.80
12670	6	5	0.55
12790	48	77	0.38
130	1216	128	0.90
1300	241	27	0.90
13000	22	3	0.88
13210	872	129	0.87
13240	891	26	0.97
13540	116	34	0.77
13570	836	64	0.93
13600	288	46	0.86
1510	997	76	0.93
15100	1560	380	0.80
15130	655	67	0.91
15160	44	19	0.70
15190	193	30	0.87
15310	33	10	0.77
15370	102	6	0.94
15400	54	15	0.78
15520	350	72	0.83
15700	786	97	0.89
15910	3	0	1.00
15970	10	4	0.71
1600	65	23	0.74
16000	7	10	0.41
16030	16	4	0.80
16060	11	5	0.69
16120	29	0	1.00
16180	16	7	0.70
1630	84	26	0.76
16300	63	3	0.95
16450	1221	226	0.84
16600	88	23	0.79
16720	428	328	0.57
16810	155	41	0.79
1690	108	55	0.66
17080	3430	840	0.80
17140	68	19	0.78
17410	6784	897	0.88
17440	112	28	0.80
17470	3004	451	0.87
17710	843	181	0.82
17740	298	42	0.88
18040	244	18	0.93
18070	89	24	0.79
1840	6327	465	0.93
18400	46	54	0.46
18700	413	228	0.64
18820	41	4	0.91
1900	111	89	0.56
19000	144	114	0.56
1930	640	391	0.62
19900	1914	536	0.78
19930	59	19	0.76
200010	697	124	0.85
200130	97	23	0.81
200190	36	20	0.64
200370	174	116	0.60
200490	18	22	0.45
200550	31	50	0.38
200670	28	40	0.41
200910	800	106	0.88
200940	861	72	0.92
201000	12	1	0.92
201210	208	36	0.85
201420	261	72	0.78
201480	119	124	0.49
201510	51	449	0.10
201570	623	219	0.74
201810	10550	1231	0.90
201870	1255	275	0.82
20200	0	9	0.00
202170	7069	412	0.94
202200	485	166	0.75
202410	74	14	0.84
202530	268	335	0.44
202710	241	100	0.71
202860	5	18	0.22
203160	22393	1356	0.94
204030	2021	172	0.92
204060	1092	258	0.81
204120	129	26	0.83
204180	548	97	0.85
204240	912	161	0.85
204300	8032	1418	0.85
204360	14230	647	0.96
204390	76	11	0.87
204450	4887	233	0.95
204630	1079	134	0.89
204840	16	24	0.40
204960	106	87	0.55
20500	2901	307	0.90
205020	387	41	0.90
205080	41	23	0.64
205230	777	193	0.80
205650	479	117	0.80
205710	313	115	0.73
205830	71	4	0.95
205890	732	172	0.81
205950	1738	312	0.85
206040	11	2	0.85
206190	6641	166	0.98
206250	49	12	0.80
206370	258	21	0.92
206610	25	65	0.28
206760	19	23	0.45
207000	25	21	0.54
20710	38	8	0.83
207150	109	199	0.35
207210	494	339	0.59
207420	308	146	0.68
207570	170	34	0.83
207690	1236	36	0.97
207750	694	118	0.85
207930	190	98	0.66
208110	22	19	0.54
208140	2801	607	0.82
208200	1529	369	0.81
208500	19	1	0.95
208620	26	14	0.65
208650	9661	7287	0.57
208710	17	7	0.71
209100	286	301	0.49
209160	3847	4674	0.45
209190	401	51	0.89
20920	2977	66	0.98
209370	1240	77	0.94
209520	154	109	0.59
209610	30	28	0.52
209670	867	237	0.79
209730	99	127	0.44
209790	262	34	0.89
209850	23	13	0.64
21010	77	49	0.61
210150	4	47	0.08
210870	107	10	0.91
21100	1428	806	0.64
211050	109	85	0.56
211260	310	20	0.94
21130	398	128	0.76
211440	313	75	0.81
211500	899	616	0.59
211740	444	19	0.96
211800	52	12	0.81
212010	360	172	0.68
212070	2706	886	0.75
212580	286	196	0.59
212700	46	46	0.50
213030	88	24	0.79
213120	1025	108	0.90
213330	262	42	0.86
21400	2	2	0.50
214170	427	57	0.88
214560	6748	165	0.98
214590	456	57	0.89
214770	2689	190	0.93
214830	9	1	0.90
214950	11493	4617	0.71
215100	408	159	0.72
215160	702	72	0.91
215280	2171	417	0.84
215550	60	59	0.50
215670	679	333	0.67
216090	176	11	0.94
216150	2155	946	0.69
216210	15	13	0.54
216390	130	75	0.63
21640	45	9	0.83
21670	210	81	0.72
216930	2	0	1.00
217080	153	49	0.76
217140	912	397	0.70
217200	1069	69	0.94
217860	76	79	0.49
217920	353	141	0.71
218040	41	33	0.55
218130	603	342	0.64
218310	286	209	0.58
218640	1480	398	0.79
218700	36	16	0.69
218820	819	359	0.70
219150	18251	484	0.97
219600	208	54	0.79
219780	539	123	0.81
219990	6847	452	0.94
220	6480	3	1.00
2200	475	20	0.96
22000	1441	123	0.92
220200	25886	658	0.98
220260	1554	171	0.90
220440	3443	256	0.93
220860	1271	343	0.79
221040	2352	954	0.71
221100	58847	30003	0.66
22120	621	27	0.96
221220	4	2	0.67
221640	10772	327	0.97
22180	708	51	0.93
221910	77	1	0.99
222180	11	5	0.69
222420	207	32	0.87
222480	1235	284	0.81
222660	179	23	0.89
222750	1770	192	0.90
22300	3844	909	0.81
22330	6292	297	0.95
223410	299	114	0.72
223470	9906	481	0.95
223710	7005	1138	0.86
223830	1313	142	0.90
224040	87	39	0.69
224220	296	113	0.72
224340	12	22	0.35
22450	153	72	0.68
224700	17	31	0.35
224760	4624	572	0.89
224820	735	22	0.97
224940	90	32	0.74
225000	29	10	0.74
225300	220	26	0.89
225360	145	216	0.40
225420	427	416	0.51
225600	1666	571	0.74
22600	943	203	0.82
226320	5274	1150	0.82
226560	96	99	0.49
226620	607	70	0.90
226740	499	145	0.77
226860	3432	1027	0.77
226980	1333	219	0.86
227100	1212	207	0.85
227160	257	726	0.26
227220	746	115	0.87
227580	875	118	0.88
227700	2991	1870	0.62
227760	68	35	0.66
227940	19326	11977	0.62
228180	297	110	0.73
228300	2919	653	0.82
228960	181	28	0.87
2290	230	37	0.86
230070	698	135	0.84
230190	1519	434	0.78
230310	56	108	0.34
230700	866	155	0.85
230760	3	11	0.21
230820	457	62	0.88
231060	541	497	0.52
231180	59	4	0.94
231720	75	162	0.32
231990	102	66	0.61
232050	411	287	0.59
232770	691	167	0.81
232890	878	790	0.53
232950	162	174	0.48
233130	6224	318	0.95
233190	179	39	0.82
233250	5712	4024	0.59
233310	65	14	0.82
233370	280	110	0.72
233550	430	88	0.83
233610	2051	104	0.95
233700	651	110	0.86
23380	72	55	0.57
234330	997	661	0.60
234390	1180	157	0.88
234630	2701	1011	0.73
234900	578	94	0.86
2350	48	9	0.84
23500	80	102	0.44
23530	381	45	0.89
235320	214	26	0.89
235380	213	208	0.51
235620	304	98	0.76
235800	1723	328	0.84
235980	149	4	0.97
236010	7	6	0.54
236130	145	105	0.58
236370	4	6	0.40
236430	54	20	0.73
236490	6	7	0.46
236730	156	48	0.76
236790	64	227	0.22
236970	7	13	0.35
237570	144	24	0.86
237630	1353	228	0.86
237870	1922	751	0.72
237930	9937	506	0.95
237990	4736	607	0.89
238050	120	7	0.94
238260	1101	356	0.76
238320	11015	456	0.96
238530	216	16	0.93
238890	92	104	0.47
239070	2834	326	0.90
239160	3333	1976	0.63
239250	717	175	0.80
239430	438	86	0.84
239700	275	39	0.88
239820	12941	649	0.95
24010	3168	1992	0.61
240360	10	5	0.67
240600	87	35	0.71
240660	44	14	0.76
241260	624	54	0.92
241320	497	34	0.94
241560	2237	1376	0.62
241620	162	86	0.65
241680	0	1	0.00
242130	190	116	0.62
242550	932	74	0.93
242640	1455	278	0.84
242700	2332	634	0.79
242760	27516	2482	0.92
242820	1678	116	0.94
242880	1837	396	0.82
242940	113	34	0.77
243000	116	51	0.69
243060	22	15	0.59
243120	1187	229	0.84
243360	94	25	0.79
243450	348	145	0.71
243780	283	83	0.77
243930	733	416	0.64
24400	158	41	0.79
244050	310	289	0.52
244410	101	39	0.72
244590	416	167	0.71
24460	6	7	0.46
244710	1169	213	0.85
244770	1277	411	0.76
244890	65	15	0.81
244950	68	20	0.77
245010	18	13	0.58
245280	1347	291	0.82
245370	166	273	0.38
245430	39	7	0.85
245490	488	343	0.59
245730	60	58	0.51
245760	89	147	0.38
246090	566	2224	0.20
246300	218	81	0.73
246360	15	30	0.33
24640	6	10	0.38
246420	1937	80	0.96
24670	164	150	0.52
246720	25	35	0.42
246840	537	48	0.92
246900	3274	214	0.94
246960	76	14	0.84
247020	2681	113	0.96
247080	5119	124	0.98
247140	224	25	0.90
247350	252	23	0.92
247770	255	88	0.74
24790	573	85	0.87
247950	217	699	0.24
248190	163	20	0.89
248310	2230	84	0.96
248370	44	23	0.66
248490	92	112	0.45
248550	447	42	0.91
248610	104	3	0.97
248730	150	37	0.80
248820	5037	541	0.90
248970	173	45	0.79
249330	617	72	0.90
249360	187	90	0.68
249630	1182	152	0.89
249870	527	128	0.80
249930	7	15	0.32
249990	978	325	0.75
2500	361	106	0.77
250050	182	6	0.97
250110	727	32	0.96
250200	10	14	0.42
250260	838	142	0.86
250320	10298	272	0.97
250380	252	47	0.84
250560	604	138	0.81
250620	1814	303	0.86
250740	60	25	0.71
251130	1025	96	0.91
251310	31	42	0.42
251370	349	7	0.98
251430	20	0	1.00
251490	196	7	0.97
251730	1030	107	0.91
251790	1	2	0.33
251850	315	88	0.78
251910	69	25	0.73
252030	1126	197	0.85
252150	380	139	0.73
252210	55	69	0.44
252270	45	37	0.55
252330	1642	227	0.88
252450	684	408	0.63
252570	153	77	0.67
252630	874	117	0.88
252690	144	46	0.76
252750	80	12	0.87
252870	992	83	0.92
253110	1585	114	0.93
253290	248	35	0.88
253350	108	10	0.92
253410	119	130	0.48
253650	523	261	0.67
253710	3614	5734	0.39
253770	105	197	0.35
253860	19	34	0.36
253920	168	56	0.75
253980	816	361	0.69
254100	37	22	0.63
254460	142	18	0.89
254700	3007	577	0.84
254820	25	1	0.96
254880	57	7	0.89
255300	218	53	0.80
255390	250	15	0.94
255420	980	1583	0.38
255870	234	23	0.91
255960	26	4	0.87
25600	65	13	0.83
256050	8	81	0.09
256290	3541	339	0.91
256440	7	13	0.35
257220	26	14	0.65
257400	409	200	0.67
257610	21	12	0.64
257670	101	29	0.78
257730	1614	351	0.82
257790	182	22	0.89
257850	4113	285	0.94
257970	264	57	0.82
258030	58	15	0.79
258090	115	85	0.57
258180	466	1089	0.30
258240	18	47	0.28
2590	292	288	0.50
25900	381	43	0.90
259080	5100	403	0.93
259170	45	117	0.28
25930	27	13	0.68
259320	16	61	0.21
259410	124	16	0.89
259470	33	13	0.72
259530	1444	89	0.94
259620	130	143	0.48
259680	1302	57	0.96
259740	315	26	0.92
259830	32	21	0.60
259890	32	93	0.26
25990	154	9	0.94
259980	37	6	0.86
260040	16	3	0.84
260130	145	44	0.77
260160	189	42	0.82
260190	150	29	0.84
260250	194	135	0.59
260430	965	498	0.66
260550	21	5	0.81
260730	128	71	0.64
260790	254	64	0.80
261030	9311	450	0.95
261180	2250	104	0.96
261510	531	63	0.89
261570	410	1	1.00
261600	5	23	0.18
261720	31	28	0.53
261900	20	0	1.00
261960	63	30	0.68
2620	482	39	0.93
262080	3	24	0.11
262260	441	64	0.87
262410	2842	817	0.78
262470	206	25	0.89
262590	99	16	0.86
262650	13	19	0.41
262770	224	15	0.94
262830	469	91	0.84
262920	8	7	0.53
262980	10	41	0.20
263040	32	16	0.67
263100	450	102	0.82
263280	520	49	0.91
263340	83	61	0.58
263460	73	17	0.81
263520	41	20	0.67
263640	26	24	0.52
263700	108	51	0.68
263760	2630	194	0.93
263820	311	34	0.90
263880	213	22	0.91
263940	21	7	0.75
264000	85	45	0.65
264060	90	17	0.84
264120	145	190	0.43
264240	659	193	0.77
264300	179	100	0.64
264360	468	280	0.63
264420	21	2	0.91
264480	24	28	0.46
264540	111	60	0.65
264690	283	48	0.85
26500	349	50	0.87
265170	99	18	0.85
265380	53	25	0.68
265590	523	106	0.83
265770	67	265	0.20
265830	90	37	0.71
265890	1424	61	0.96
265950	198	66	0.75
266010	2532	83	0.97
266070	333	283	0.54
266130	754	143	0.84
266190	59	33	0.64
266250	55	7	0.89
266310	452	103	0.81
266370	20	26	0.43
266430	1225	480	0.72
266490	522	64	0.89
266550	25	33	0.43
266940	52	11	0.83
267060	79	78	0.50
267360	239	24	0.91
267600	80	463	0.15
267750	532	256	0.68
267900	65	75	0.46
267960	25	113	0.18
26800	2979	205	0.94
268050	2207	773	0.74
268200	60	70	0.46
268260	26	38	0.41
268320	152	13	0.92
268500	8309	2490	0.77
268650	2204	260	0.89
268710	20	25	0.44
268890	50	120	0.29
269010	66	24	0.73
269250	282	57	0.83
269310	135	62	0.69
269370	140	81	0.63
269430	3	20	0.13
269490	581	80	0.88
269550	24	10	0.71
269610	59	37	0.61
269670	150	49	0.75
269730	490	267	0.65
269790	659	189	0.78
270090	97	198	0.33
270150	2136	222	0.91
270210	1564	126	0.93
270270	155	56	0.73
270330	11	44	0.20
270450	1904	127	0.94
270510	16	6	0.73
270570	382	206	0.65
270630	437	94	0.82
270750	11	4	0.73
270810	53	10	0.84
2710	52	13	0.80
271290	8646	1499	0.85
271500	60	158	0.28
271590	31355	11019	0.74
271860	150	95	0.61
271920	94	16	0.85
272010	35	18	0.66
272040	397	27	0.94
273030	17	65	0.21
273240	69	27	0.72
273600	75	19	0.80
273750	39	13	0.75
273840	174	19	0.90
273960	37	41	0.47
27400	77	30	0.72
274170	81	23	0.78
274230	492	277	0.64
274290	794	414	0.66
274350	508	26	0.95
274500	451	22	0.95
274560	355	150	0.70
274920	1334	274	0.83
274980	449	155	0.74
275100	83	7	0.92
275310	5	19	0.21
275490	176	404	0.30
275610	184	208	0.47
275670	874	163	0.84
275850	16203	8512	0.66
276240	7	4	0.64
276300	7	6	0.54
276360	10	9	0.53
276750	24	11	0.69
276810	1812	759	0.70
276870	90	21	0.81
277110	53	15	0.78
277470	91	44	0.67
277500	23	74	0.24
277560	17	25	0.40
277590	242	100	0.71
277650	16	3	0.84
277680	128	25	0.84
277890	475	56	0.89
277950	578	507	0.53
278100	103	4	0.96
278190	10	6	0.62
278460	745	93	0.89
278490	29	12	0.71
278550	9	2	0.82
278640	71	23	0.76
278850	2	3	0.40
278910	441	105	0.81
278970	148	615	0.19
27940	80	176	0.31
279420	15	1	0.94
279480	15	21	0.42
279540	114	35	0.77
279720	53	50	0.51
279900	90	31	0.74
279990	52	33	0.61
280	1204	333	0.78
2800	86	31	0.74
28000	675	475	0.59
280140	80	26	0.75
280200	22	3	0.88
280380	5	19	0.21
280500	19	12	0.61
280560	10	0	1.00
280620	49	41	0.54
280680	24	4	0.86
280830	25	18	0.58
280890	30	34	0.47
281220	132	94	0.58
281280	72	23	0.76
281370	193	381	0.34
281430	38	26	0.59
281580	19	18	0.51
281610	1219	347	0.78
281640	576	42	0.93
281820	22	7	0.76
281940	198	106	0.65
282030	146	18	0.89
282210	609	641	0.49
282660	99	81	0.55
282780	46	24	0.66
282900	3742	213	0.95
283020	9	19	0.32
283080	129	21	0.86
283230	258	178	0.59
283290	521	93	0.85
283350	21	49	0.30
283410	24	30	0.44
283470	4	18	0.18
283680	470	54	0.90
283920	141	9	0.94
283980	138	6	0.96
284100	64	27	0.70
284160	3853	431	0.90
284220	13	7	0.65
284460	168	7	0.96
284580	9	7	0.56
284730	98	14	0.88
284790	167	4	0.98
284910	6	4	0.60
284970	24	22	0.52
285090	11	14	0.44
285330	1023	128	0.89
285420	48	6	0.89
285480	43	79	0.35
285840	307	53	0.85
285900	4532	1483	0.75
285960	68	52	0.57
286140	132	64	0.67
286200	103	54	0.66
286260	462	25	0.95
286320	144	9	0.94
286380	155	20	0.89
286440	5	11	0.31
286500	115	5	0.96
286830	2	21	0.09
287070	53	7	0.88
287100	47	202	0.19
287220	112	60	0.65
287340	206	462	0.31
287580	220	108	0.67
287700	13364	2181	0.86
288000	1	5	0.17
288060	185	36	0.84
288120	279	25	0.92
288270	18	20	0.47
288690	2	6	0.25
288750	5	12	0.29
288840	33	9	0.79
288930	218	42	0.84
289050	13	21	0.38
289200	42	16	0.72
289260	23	8	0.74
289380	5	3	0.62
289440	21	9	0.70
289500	14	10	0.58
289620	27	25	0.52
289650	2216	2704	0.45
289800	22	51	0.30
289890	70	32	0.69
289950	425	240	0.64
290040	85	15	0.85
290280	66	38	0.63
290340	1737	242	0.88
290460	24	15	0.62
290490	89	104	0.46
290730	223	174	0.56
290790	1233	545	0.69
290970	96	42	0.70
291030	95	74	0.56
291090	22	14	0.61
291150	104	119	0.47
291270	10	15	0.40
291330	26	124	0.17
291390	24	8	0.75
291450	58	41	0.59
291480	7574	4146	0.65
291930	24	52	0.32
291960	60	35	0.63
2920	8	7	0.53
292140	719	435	0.62
292200	120	35	0.77
292230	143	58	0.71
292260	34	2	0.94
292380	99	247	0.29
292410	357	95	0.79
292500	151	5	0.97
292620	61	78	0.44
292860	13	2	0.87
293160	71	40	0.64
293220	338	252	0.57
293280	20	40	0.33
293340	41	28	0.59
293460	71	17	0.81
293520	192	57	0.77
293760	59	1	0.98
293880	95	10	0.90
293940	7	3	0.70
294000	119	15	0.89
294060	49	17	0.74
294120	9	7	0.56
294390	20	21	0.49
294540	53	4	0.93
294570	20	3	0.87
294660	184	8	0.96
294690	19	2	0.90
294720	31	4	0.89
294750	50	18	0.74
295110	24	166	0.13
295590	87	61	0.59
295710	116	114	0.50
295770	216	61	0.78
296010	68	6	0.92
296070	379	184	0.67
296220	59	15	0.80
296280	25	33	0.43
296490	949	41	0.96
296550	26	6	0.81
296730	49	15	0.77
296850	18	10	0.64
296970	1080	76	0.93
297000	762	508	0.60
297060	78	8	0.91
297120	607	102	0.86
297210	119	34	0.78
297270	14	11	0.56
297330	44	44	0.50
297450	16	18	0.47
297570	20	8	0.71
297720	85	35	0.71
297750	99	59	0.63
29800	1010	287	0.78
298020	11	16	0.41
298050	1294	472	0.73
298110	1726	818	0.68
298140	22	10	0.69
298260	2597	1386	0.65
298560	136	9	0.94
298830	12	1	0.92
298890	37	20	0.65
298950	20	8	0.71
299070	39	3	0.93
299100	0	2	0.00
299160	30	6	0.83
299340	88	67	0.57
299580	20	12	0.62
299910	26	18	0.59
300060	274	222	0.55
300300	158	19	0.89
300360	30	19	0.61
300510	5	16	0.24
300540	31	43	0.42
300570	798	26	0.97
300630	14	11	0.56
300840	23	3	0.88
300900	20	39	0.34
3010	56	13	0.81
301050	46	18	0.72
301200	111	29	0.79
301260	4	1	0.80
301320	185	16	0.92
301380	79	4	0.95
301500	31	17	0.65
301560	69	22	0.76
301650	269	19	0.93
301680	5	27	0.16
301740	46	22	0.68
301830	23	5	0.82
301860	262	59	0.82
301920	44	2	0.96
301980	9	6	0.60
302010	88	140	0.39
302130	86	9	0.91
302160	21	15	0.58
302190	35	12	0.74
302250	88	169	0.34
302340	13	3	0.81
302370	5	8	0.38
302460	10	14	0.42
302490	37	3	0.93
302610	634	50	0.93
302670	653	439	0.60
302730	18	5	0.78
302790	312	30	0.91
302850	33	17	0.66
302910	19	33	0.37
302970	28	8	0.78
303210	7059	1115	0.86
303390	1239	1400	0.47
303510	36	46	0.44
303690	74	24	0.76
303720	5	2	0.71
303840	58	20	0.74
303870	9	15	0.38
304050	14269	4762	0.75
304170	7	66	0.10
304290	98	28	0.78
304350	113	43	0.72
304410	97	0	1.00
304500	35	12	0.74
304650	2610	552	0.83
304950	195	31	0.86
305010	7	19	0.27
305070	113	61	0.65
305280	4	1	0.80
305460	10	3	0.77
305490	27	17	0.61
305640	174	87	0.67
305760	29	0	1.00
305820	31	7	0.82
305880	14	1	0.93
305940	131	65	0.67
306000	9	0	1.00
306480	6	6	0.50
306630	68	29	0.70
306660	1301	225	0.85
306930	8	25	0.24
307050	376	102	0.79
307170	81	61	0.57
307230	405	142	0.74
307290	973	572	0.63
307350	37	86	0.30
307410	5	11	0.31
307560	5	3	0.62
307590	83	16	0.84
307620	26	13	0.67
307770	12	10	0.55
307920	8	4	0.67
307980	31	17	0.65
308040	155	47	0.77
308460	63	23	0.73
308520	21	15	0.58
308580	117	31	0.79
310080	3367	200	0.94
310110	81	54	0.60
310380	4258	1488	0.74
310470	273	348	0.44
310560	5198	513	0.91
310740	96	20	0.83
310890	213	177	0.55
310950	2276	2121	0.52
311010	151	16	0.90
311040	24	35	0.41
311100	8	3	0.73
311250	100	48	0.68
311310	1124	186	0.86
311340	3888	700	0.85
311400	114	174	0.40
311490	8	10	0.44
311700	49	84	0.37
311730	945	668	0.59
31180	2	1	0.67
311820	24	13	0.65
311850	37	21	0.64
311910	27	17	0.61
31210	1	2	0.33
312150	443	172	0.72
312210	269	287	0.48
312240	3	2	0.60
312270	2	10	0.17
312300	91	8	0.92
312360	53	23	0.70
31240	2	0	1.00
312420	13	11	0.54
312450	218	92	0.70
312510	34	6	0.85
312600	44	20	0.69
312630	96	31	0.76
31270	839	116	0.88
312720	62	5	0.93
312750	397	100	0.80
312780	513	131	0.80
312840	476	159	0.75
312900	31	22	0.58
312960	35	30	0.54
312990	4093	155	0.96
3130	78	28	0.74
31300	2	12	0.14
313020	661	131	0.83
313080	166	100	0.62
313140	84	26	0.76
313200	14	13	0.52
313470	62	12	0.84
313500	99	13	0.88
313590	124	34	0.78
313650	74	42	0.64
313740	3183	1005	0.76
313830	28	6	0.82
313980	78	24	0.76
314010	256	56	0.82
314070	276	34	0.89
314160	1307	283	0.82
314220	33	10	0.77
314250	142	55	0.72
314280	395	357	0.53
314340	36	32	0.53
314370	25	9	0.74
314520	251	146	0.63
314760	6	8	0.43
314790	45	9	0.83
314970	260	75	0.78
315060	10	7	0.59
315240	13	12	0.52
315330	16	18	0.47
315450	21	9	0.70
315480	2	9	0.18
315540	50	16	0.76
315600	234	38	0.86
315660	374	143	0.72
315810	447	32	0.93
315840	237	16	0.94
315930	23	8	0.74
316020	17	2	0.89
316080	55	3	0.95
316140	39	21	0.65
316260	17	6	0.74
316320	5	3	0.62
316620	3	2	0.60
316740	16	17	0.48
316830	8	0	1.00
316890	35	14	0.71
316950	19	27	0.41
317040	185	13	0.93
317100	117	44	0.73
317250	182	34	0.84
317280	45	6	0.88
317580	3	3	0.50
317610	17	11	0.61
317730	4	13	0.24
317820	526	193	0.73
317940	76	39	0.66
317970	18	23	0.44
318090	61	38	0.62
31810	19	1	0.95
318300	1	2	0.33
318330	74	8	0.90
31840	18	1	0.95
318480	25	0	1.00
318570	50	27	0.65
318600	407	92	0.82
318660	2	2	0.50
318690	23	45	0.34
31870	3	0	1.00
31900	10	2	0.83
319050	475	125	0.79
319080	29	5	0.85
319140	172	53	0.76
319170	14	2	0.88
319230	16	14	0.53
31930	13	3	0.81
319320	69	12	0.85
319410	32	10	0.76
319470	72	5	0.94
319560	157	37	0.81
319740	171	47	0.78
319830	30	15	0.67
320040	312	94	0.77
320310	10	27	0.27
320340	262	223	0.54
320400	26	25	0.51
320430	92	49	0.65
320610	33	8	0.80
320670	17	4	0.81
320760	338	21	0.94
320790	12	19	0.39
320820	224	122	0.65
320970	14	9	0.61
321030	38	61	0.38
321060	99	35	0.74
32110	16	4	0.80
321150	91	44	0.67
321270	36	3	0.92
321360	1144	474	0.71
321390	4	8	0.33
32140	47	13	0.78
321450	9	1	0.90
321480	314	27	0.92
321540	20	2	0.91
321600	4	37	0.10
321660	5	14	0.26
321840	362	68	0.84
321870	137	47	0.74
321960	352	524	0.40
322080	38	12	0.76
322110	877	38	0.96
322170	12696	469	0.96
322290	220	26	0.89
322410	2	2	0.50
322440	10	9	0.53
322500	5070	867	0.85
322680	100	16	0.86
322770	1247	56	0.96
322920	1094	726	0.60
322950	18	18	0.50
322980	22	21	0.51
323040	34	8	0.81
323220	667	29	0.96
323280	27	6	0.82
323430	42	21	0.67
323460	86	8	0.91
323490	72	7	0.91
32350	105	122	0.46
323580	459	80	0.85
323610	313	54	0.85
323670	71	5	0.93
323700	17	10	0.63
32380	387	202	0.66
323850	847	169	0.83
324090	7	7	0.50
32410	16	12	0.57
324270	1	4	0.20
324360	3	1	0.75
324390	26	8	0.76
32440	972	91	0.91
324420	17	17	0.50
324450	2	1	0.67
324510	215	87	0.71
32470	2345	166	0.93
324750	27	16	0.63
324810	1768	605	0.75
32500	653	621	0.51
325110	12	9	0.57
325320	24	12	0.67
325470	4	20	0.17
325860	22	4	0.85
326130	8	6	0.57
326160	506	310	0.62
326190	160	74	0.68
32620	51	3	0.94
326340	39	19	0.67
326460	3553	475	0.88
32650	9	4	0.69
326520	35	5	0.88
326670	51	69	0.42
326730	28	31	0.47
32680	33	4	0.89
327030	380	135	0.74
327090	476	224	0.68
32710	7	3	0.70
327150	27	3	0.90
327210	15	4	0.79
327390	42	3	0.93
32740	7	2	0.78
327450	15	0	1.00
327510	435	98	0.82
32770	47	2	0.96
327930	65	5	0.93
327960	1	9	0.10
32800	1787	707	0.72
328080	298	32	0.90
328440	6	26	0.19
328470	51	5	0.91
328500	184	48	0.79
328650	7	2	0.78
328680	3	3	0.50
328710	40	10	0.80
328740	17	10	0.63
328830	36	26	0.58
328890	7	6	0.54
328920	26	6	0.81
329040	29	4	0.88
329130	1079	70	0.94
329190	79	19	0.81
329280	47	25	0.65
329310	18	12	0.60
329430	676	348	0.66
329460	204	10	0.95
329490	637	180	0.78
329610	60	74	0.45
329640	17	2	0.89
329670	10	7	0.59
329790	53	35	0.60
329970	189	24	0.89
330000	29	28	0.51
330180	117	31	0.79
330270	104	60	0.63
330390	532	45	0.92
330420	21	5	0.81
330450	9	3	0.75
330570	179	77	0.70
330660	26	4	0.87
330720	50	7	0.88
330840	3836	1417	0.73
330990	39	27	0.59
3310	57	2	0.97
33100	110	25	0.81
331200	220	213	0.51
331290	5	2	0.71
33130	135	25	0.84
331440	618	184	0.77
331470	1842	221	0.89
331500	673	89	0.88
331650	64	35	0.65
331710	222	285	0.44
331920	40	21	0.66
331980	42	26	0.62
332070	615	745	0.45
332250	81	20	0.80
332310	4323	997	0.81
332400	53	14	0.79
332490	119	27	0.82
33250	90	13	0.87
332580	29	5	0.85
332730	9	11	0.45
332760	14	2	0.88
332790	36	64	0.36
332880	15	2	0.88
332970	165	110	0.60
333210	118	47	0.72
333300	299	25	0.92
333330	39	8	0.83
333390	27	2	0.93
333510	22	2	0.92
333540	14	7	0.67
333600	3603	220	0.94
333660	27	22	0.55
333690	17	4	0.81
333870	37	12	0.76
333930	13888	4487	0.76
3340	18	2	0.90
334140	45	2	0.96
334230	4941	689	0.88
334260	8	0	1.00
334290	40	27	0.60
334410	21	8	0.72
334470	10	10	0.50
334560	91	10	0.90
33460	687	489	0.58
334620	19	5	0.79
334710	29	11	0.72
334830	22	8	0.73
334980	17	15	0.53
335010	8	4	0.67
335070	87	21	0.81
335100	68	25	0.73
335190	158	21	0.88
33520	166	18	0.90
335220	8	4	0.67
335310	1	1	0.50
335430	336	132	0.72
335460	22	4	0.85
33550	4	6	0.40
335550	6	1	0.86
335670	3328	153	0.96
335700	14	7	0.67
335790	232	56	0.81
33580	33	12	0.73
335820	143	129	0.53
335940	6	3	0.67
336060	114	31	0.79
336090	30	9	0.77
33610	62	47	0.57
336150	72	14	0.84
336210	7	12	0.37
336240	49	5	0.91
336300	110	11	0.91
336420	136	30	0.82
336510	198	231	0.46
336630	13	9	0.59
33670	67	68	0.50
336780	0	2	0.00
336840	12	1	0.92
336930	12	5	0.71
337110	23	18	0.56
33730	41	19	0.68
337350	108	7	0.94
337410	4	25	0.14
33760	0	1	0.00
337650	16	0	1.00
337680	51	8	0.86
33790	11	7	0.61
337950	424	656	0.39
337980	22	10	0.69
338040	26	12	0.68
338070	2	0	1.00
338130	18	7	0.72
338190	108	6	0.95
338310	30	4	0.88
338340	78	72	0.52
338400	87	55	0.61
338550	25	15	0.62
338760	86	15	0.85
339000	28	31	0.47
339120	231	46	0.83
339210	36	27	0.57
339240	13	48	0.21
339510	84	19	0.82
339570	81	10	0.89
339690	17	2	0.89
339840	3	5	0.38
340	1901	374	0.84
3400	12	0	1.00
340050	9	1	0.90
340170	709	434	0.62
340200	27	50	0.35
340290	16	4	0.80
34030	2495	239	0.91
340320	30	12	0.71
340350	182	50	0.78
340380	8	2	0.80
340440	23	4	0.85
340470	43	31	0.58
340650	17	14	0.55
340680	4	2	0.67
340770	119	34	0.78
340800	116	18	0.87
340830	83	22	0.79
340860	23	5	0.82
340920	2	4	0.33
341010	0	2	0.00
341070	13	27	0.33
341160	5	12	0.29
341190	43	6	0.88
341310	502	144	0.78
341460	2	1	0.67
341550	117	13	0.90
341640	7	6	0.54
341700	36	18	0.67
341730	68	17	0.80
341760	10	1	0.91
34180	2	1	0.67
341820	32	2	0.94
341910	21	3	0.88
341940	1973	598	0.77
342090	7	18	0.28
342150	57	56	0.50
342180	643	112	0.85
342240	9	3	0.75
342300	230	14	0.94
342360	40	10	0.80
342450	21	23	0.48
342480	413	186	0.69
342510	22	4	0.85
342540	4	5	0.44
342570	86	142	0.38
342630	44	2	0.96
342870	10	19	0.34
3430	20	2	0.91
343020	6	1	0.86
343140	1	2	0.33
343170	10	10	0.50
34330	8212	808	0.91
343320	5	2	0.71
343410	3	1	0.75
343440	229	48	0.83
343560	89	12	0.88
343710	458	235	0.66
343740	149	34	0.81
343770	2	5	0.29
343800	17	7	0.71
343830	4	1	0.80
344040	527	1010	0.34
344130	32	11	0.74
344160	3	13	0.19
344190	106	39	0.73
34420	15	15	0.50
344220	5	5	0.50
344340	88	20	0.81
344760	4522	3116	0.59
344790	33	11	0.75
344820	36	42	0.46
344850	489	135	0.78
344880	34	15	0.69
344910	111	76	0.59
345030	7	6	0.54
345060	26	11	0.70
345090	59	14	0.81
345120	100	15	0.87
345180	1101	95	0.92
345240	80	17	0.82
345300	2	0	1.00
345390	961	137	0.88
345480	35	7	0.83
345540	14	4	0.78
345660	240	109	0.69
345750	32	29	0.52
345990	7	1	0.88
3460	5	0	1.00
34600	74	29	0.72
346080	13	19	0.41
346110	5275	7195	0.42
346140	34	11	0.76
346200	9	14	0.39
34630	4	2	0.67
346320	10	22	0.31
346440	15	6	0.71
346470	78	8	0.91
346560	286	22	0.93
346650	2	11	0.15
346770	46	2	0.96
346800	10	18	0.36
346830	65	41	0.61
346920	11	27	0.29
346950	7	9	0.44
347040	18	1	0.95
347160	272	36	0.88
347220	4	1	0.80
347250	13	0	1.00
347280	11	4	0.73
347400	34	5	0.87
347430	348	101	0.78
347520	16	3	0.84
347580	3	11	0.21
347610	32	1	0.97
347670	184	44	0.81
347730	22	1	0.96
347790	19	5	0.79
347820	20	6	0.77
347940	109	19	0.85
348000	1	7	0.12
348030	122	66	0.65
34810	23	12	0.66
348180	21	16	0.57
348240	38	4	0.90
348270	45	36	0.56
348300	36	5	0.88
348360	83	57	0.59
348450	18	32	0.36
348510	41	63	0.39
348540	63	39	0.62
34870	988	536	0.65
348870	22	12	0.65
348960	19	8	0.70
3490	7	2	0.78
34900	7076	1878	0.79
349020	20	8	0.71
349140	46	16	0.74
349260	21	4	0.84
349320	6	1	0.86
349440	13	38	0.25
349500	96	29	0.77
349530	20	7	0.74
349650	19	21	0.47
349680	106	2	0.98
349950	11	23	0.32
350010	70	92	0.43
350070	241	18	0.93
350220	21	60	0.26
350310	70	54	0.56
350490	8	13	0.38
350550	8	0	1.00
350610	22	0	1.00
350640	183	84	0.69
350700	68	50	0.58
350910	103	4	0.96
350970	173	31	0.85
351030	72	47	0.61
351060	17	21	0.45
351090	165	10	0.94
351150	101	31	0.77
351240	20	2	0.91
351300	39	16	0.71
351330	15	3	0.83
35140	6605	290	0.96
351420	4	9	0.31
351450	46	20	0.70
351630	67	55	0.55
351720	19	2	0.90
351810	2	1	0.67
351870	22	7	0.76
351990	413	48	0.90
3520	6	3	0.67
352050	8	2	0.80
352140	38	12	0.76
352170	9	10	0.47
352440	3	0	1.00
352620	36	4	0.90
352890	22	10	0.69
352950	89	152	0.37
353070	24	21	0.53
353130	585	225	0.72
353190	77	34	0.69
35320	110	29	0.79
353280	22	1	0.96
353340	15	5	0.75
353550	42	15	0.74
353580	58	2	0.97
353610	16	19	0.46
353640	321	35	0.90
353700	270	24	0.92
353790	3	3	0.50
353940	10	5	0.67
354030	11	5	0.69
354180	21	10	0.68
354240	793	179	0.82
354600	10	0	1.00
354690	2	2	0.50
354720	12	3	0.80
354810	2	2	0.50
354930	6	5	0.55
354960	20	10	0.67
355020	3	3	0.50
355050	171	19	0.90
355080	4	8	0.33
355230	7	1	0.88
355350	21	4	0.84
355410	52	6	0.90
355500	16	3	0.84
355530	173	24	0.88
355560	14	5	0.74
355650	5	3	0.62
355800	191	70	0.73
355860	176	45	0.80
355920	23	2	0.92
355980	180	3	0.98
356040	816	260	0.76
356070	272	43	0.86
356130	92	129	0.42
356160	5	22	0.19
356250	31	5	0.86
356280	3	7	0.30
356310	162	237	0.41
356370	154	61	0.72
356400	524	23	0.96
356430	76	20	0.79
356520	534	49	0.92
356550	9	5	0.64
356580	56	18	0.76
356670	4205	328	0.93
356730	6	7	0.46
356790	38	1	0.97
356880	67	49	0.58
356910	30	9	0.77
356940	5	4	0.56
357030	7	4	0.64
357120	39	16	0.71
357300	358	21	0.94
357330	333	17	0.95
357480	535	459	0.54
357600	86	2	0.98
357690	21	6	0.78
357720	75	16	0.82
357750	7	1	0.88
357780	174	39	0.82
357840	17	11	0.61
357900	129	266	0.33
357930	12	8	0.60
3580	6	2	0.75
35800	71	16	0.82
358080	22	16	0.58
358170	7	7	0.50
358200	16	4	0.80
358230	8	3	0.73
358260	23	5	0.82
358290	31	6	0.84
358320	8	2	0.80
358350	18	2	0.90
358410	15	2	0.88
358440	6	4	0.60
358650	51	6	0.89
358770	94	8	0.92
359040	169	13	0.93
359070	7	6	0.54
359160	5	16	0.24
359190	39	4	0.91
359220	90	46	0.66
359250	19	7	0.73
359280	32	13	0.71
359310	629	86	0.88
359370	16	23	0.41
359400	102	7	0.94
359550	13620	4061	0.77
359580	141	74	0.66
359610	49	36	0.58
359670	3	0	1.00
359940	33	6	0.85
360030	9	2	0.82
360150	145	140	0.51
360390	34	21	0.62
360450	43	8	0.84
360510	133	119	0.53
360600	8	7	0.53
360720	4	1	0.80
360750	8	10	0.44
360840	43	2	0.96
360870	589	114	0.84
360990	4	1	0.80
3610	6	2	0.75
36100	19	0	1.00
361020	6	0	1.00
361200	16	17	0.48
36130	1	0	1.00
361320	14	5	0.74
361350	50	3	0.94
361380	32	4	0.89
361560	3	16	0.16
361620	6	2	0.75
361800	1353	468	0.74
361830	44	11	0.80
361890	9	7	0.56
361950	8	1	0.89
362070	192	70	0.73
362130	8	4	0.67
362160	25	1	0.96
362310	21	2	0.91
362400	33	39	0.46
362490	1294	241	0.84
362610	27	22	0.55
362790	5	0	1.00
363060	9	0	1.00
363090	4	1	0.80
36310	5	0	1.00
363150	179	70	0.72
363180	7	3	0.70
363270	28	16	0.64
363330	100	14	0.88
363360	189	33	0.85
363420	99	6	0.94
363480	22	18	0.55
363510	33	30	0.52
363600	485	161	0.75
363660	1	11	0.08
363900	4	2	0.67
363930	320	65	0.83
363960	7	14	0.33
364050	284	75	0.79
364110	98	102	0.49
364230	31	4	0.89
364350	12	7	0.63
364710	13	44	0.23
364800	13	2	0.87
364830	16	1	0.94
364890	28	17	0.62
364980	3	1	0.75
365070	232	224	0.51
365190	76	9	0.89
365280	15	16	0.48
365310	9	14	0.39
365340	13	8	0.62
365400	1	5	0.17
365460	1	6	0.14
365580	26	0	1.00
365670	1742	68	0.96
365760	26	3	0.90
365850	12	3	0.80
365880	41	16	0.72
366000	69	1	0.99
366060	19	1	0.95
366180	27	6	0.82
366210	21	4	0.84
366270	13	5	0.72
366510	32	7	0.82
366570	4	0	1.00
366600	4	4	0.50
366780	14	0	1.00
366810	22	16	0.58
366960	10	47	0.18
366990	5	2	0.71
367020	102	18	0.85
367050	7	0	1.00
367110	47	10	0.82
367140	22	0	1.00
367260	20	5	0.80
367350	17	2	0.89
367500	4843	502	0.91
367710	42	28	0.60
367800	4	2	0.67
368160	89	3	0.97
368220	20	8	0.71
368250	7	1	0.88
368310	6	3	0.67
368340	745	8	0.99
368370	2116	238	0.90
368430	100	27	0.79
368610	126	6	0.95
368640	33	11	0.75
368700	10	2	0.83
368730	533	124	0.81
368760	8	5	0.62
368790	27	32	0.46
368880	3	4	0.43
368970	12	4	0.75
369000	131	57	0.70
369030	94	60	0.61
369060	9	11	0.45
36910	3	7	0.30
369120	7	8	0.47
369180	15	16	0.48
369270	22	1	0.96
369300	14	6	0.70
369360	2	8	0.20
369390	51	7	0.88
369420	76	9	0.89
369570	24	6	0.80
369990	264	53	0.83
3700	262	105	0.71
37000	277	49	0.85
370050	16	0	1.00
370080	17	2	0.89
370140	3	0	1.00
370170	6	5	0.55
370200	6	6	0.50
37030	67	20	0.77
370590	17	6	0.74
370710	9	9	0.50
370770	151	27	0.85
370920	31	2	0.94
371010	63	28	0.69
371100	109	11	0.91
371190	40	6	0.87
371220	25	18	0.58
371280	4	4	0.50
371310	20	41	0.33
371370	7	3	0.70
371400	4	4	0.50
371460	7	2	0.78
371520	124	28	0.82
371550	57	12	0.83
371670	50	76	0.40
371850	7	4	0.64
371880	23	1	0.96
372000	2882	2575	0.53
372030	24	1	0.96
372060	5	4	0.56
37210	23	10	0.70
372150	4	7	0.36
372210	115	15	0.88
372360	675	237	0.74
372390	119	21	0.85
37240	16	25	0.39
372480	14	11	0.56
372540	269	126	0.68
372570	0	1	0.00
372690	114	18	0.86
37270	10	0	1.00
372720	10	4	0.71
372750	8	8	0.50
372780	13	10	0.57
372930	33	3	0.92
372960	10	1	0.91
3730	661	65	0.91
37300	5	3	0.62
373140	5	6	0.45
373290	22	20	0.52
37330	3	0	1.00
373410	25	3	0.89
373440	25	8	0.76
373470	33	0	1.00
37360	3	2	0.60
373620	15	1	0.94
373650	35	13	0.73
373770	694	14	0.98
373800	6	9	0.40
373860	20	16	0.56
37390	8	1	0.89
373920	60	45	0.57
374010	17	5	0.77
374040	1385	291	0.83
374400	52	14	0.79
374460	9	0	1.00
374520	12	11	0.52
374640	24	33	0.42
374670	252	39	0.87
375000	6	2	0.75
375030	13	7	0.65
375090	9	2	0.82
375120	52	8	0.87
375180	99	45	0.69
375210	33	2	0.94
375330	19	11	0.63
375420	11	6	0.65
375450	28	6	0.82
375480	135	9	0.94
375510	320	394	0.45
375600	419	138	0.75
375840	55	9	0.86
375900	233	166	0.58
375930	21	2	0.91
37600	442	51	0.90
376110	20	8	0.71
376140	30	37	0.45
376350	1	2	0.33
376560	18	8	0.69
376680	23	9	0.72
376770	14	0	1.00
376920	32	11	0.74
377070	13	1	0.93
377160	2088	4033	0.34
377190	15	0	1.00
377250	14	1	0.93
377310	46	29	0.61
377430	161	12	0.93
377460	32	0	1.00
377520	55	5	0.92
377550	10	3	0.77
377670	98	4	0.96
377880	48	5	0.91
377970	67	27	0.71
378030	21	3	0.88
378120	1237	505	0.71
378270	80	41	0.66
378300	98	7	0.93
378420	2	27	0.07
378480	29	31	0.48
378510	2	3	0.40
378570	8	3	0.73
378630	9	2	0.82
378660	295	94	0.76
378720	991	93	0.91
378810	14	1	0.93
378930	13	7	0.65
379260	0	3	0.00
379290	28	20	0.58
379320	28	13	0.68
379350	6	2	0.75
379380	2	2	0.50
379530	48	3	0.94
37960	3	2	0.60
379980	558	58	0.91
380100	3	0	1.00
380220	404	103	0.80
380550	17	12	0.59
380580	134	90	0.60
380670	189	12	0.94
380700	13	7	0.65
380790	0	5	0.00
38080	5	0	1.00
381090	18	10	0.64
38110	3	2	0.60
381120	961	255	0.79
381210	12036	6495	0.65
38140	9	0	1.00
38170	6	0	1.00
381750	90	35	0.72
381780	377	31	0.92
381870	25	5	0.83
381900	28	5	0.85
381990	177	87	0.67
3820	89	42	0.68
382050	143	14	0.91
382110	298	109	0.73
382140	80	41	0.66
382260	110	8	0.93
38230	19	25	0.43
382320	7	1	0.88
382350	87	43	0.67
382380	54	10	0.84
382890	202	90	0.69
382920	20	4	0.83
383010	8	2	0.80
383070	12	11	0.52
383190	6	0	1.00
383460	103	10	0.91
383520	8	8	0.50
383580	403	106	0.79
383670	17	6	0.74
383700	11	5	0.69
383730	12	0	1.00
383790	211	111	0.66
384000	130	29	0.82
384030	33	48	0.41
384090	30	5	0.86
38410	1549	101	0.94
384120	11	8	0.58
384150	231	130	0.64
384210	4	2	0.67
384300	343	116	0.75
38440	184	11	0.94
384480	35	4	0.90
384570	47	31	0.60
384630	396	30	0.93
384660	5	0	1.00
384690	19	0	1.00
384750	70	95	0.42
384840	25	16	0.61
384930	9	17	0.35
384990	54	11	0.83
385020	7	12	0.37
385080	10	30	0.25
385200	179	230	0.44
385230	33	8	0.80
385260	77	45	0.63
385350	9	2	0.82
385380	168	41	0.80
385440	11	3	0.79
385470	2	4	0.33
385530	19	6	0.76
385560	149	27	0.85
385590	73	11	0.87
385680	2	2	0.50
385710	600	128	0.82
385770	1558	194	0.89
385800	2120	169	0.93
385830	74	137	0.35
385860	8	3	0.73
385890	83	130	0.39
385950	5	8	0.38
385980	14	15	0.48
386070	1845	510	0.78
386160	22	12	0.65
386280	28	34	0.45
386340	34	6	0.85
386400	17	8	0.68
386490	19	3	0.86
386520	105	13	0.89
386640	23	15	0.61
386700	79	24	0.77
386880	725	274	0.73
386940	1173	58	0.95
386970	22	3	0.88
387060	16	3	0.84
387090	17	10	0.63
387240	40	4	0.91
387270	6	2	0.75
38740	678	58	0.92
387450	11	35	0.24
387780	1	0	1.00
387840	64	16	0.80
387870	10	3	0.77
387930	49	38	0.56
387990	3315	730	0.82
388050	14	6	0.70
388080	345	38	0.90
388260	20	0	1.00
38830	358	523	0.41
388320	181	46	0.80
388410	742	287	0.72
388440	3	9	0.25
388500	3	11	0.21
388620	46	6	0.88
388680	16	8	0.67
388800	230	31	0.88
388830	1	1	0.50
388980	8	8	0.50
389040	267	131	0.67
389160	11	18	0.38
389190	35	6	0.85
389220	83	24	0.78
389250	3	0	1.00
389310	28	10	0.74
389400	27	11	0.71
389430	208	564	0.27
389460	13	39	0.25
389670	118	33	0.78
389700	16	58	0.22
389850	26	2	0.93
390210	37	8	0.82
390330	21	2	0.91
390510	15	21	0.42
390540	26	6	0.81
390570	10	16	0.38
390660	105	40	0.72
390720	91	4	0.96
390870	26	9	0.74
390930	21	2	0.91
3910	931	106	0.90
391050	17	3	0.85
391170	120	15	0.89
391260	259	95	0.73
391410	2	3	0.40
391440	17	8	0.68
391560	0	2	0.00
391590	9	5	0.64
39160	446	328	0.58
391740	42	72	0.37
39190	421	150	0.74
392070	52	10	0.84
392100	2	0	1.00
392190	47	16	0.75
392580	198	63	0.76
392730	8	3	0.73
392790	13	4	0.76
392820	18	45	0.29
392940	69	8	0.90
392970	20	0	1.00
393150	27	8	0.77
393240	12	7	0.63
393330	1	0	1.00
393420	2539	1097	0.70
393600	11	3	0.79
393660	20	8	0.71
393750	59	21	0.74
393930	72	58	0.55
394140	25	8	0.76
394230	2641	1574	0.63
394260	10	3	0.77
394290	34	1	0.97
394380	159	232	0.41
394680	49	11	0.82
394740	88	54	0.62
394770	5	13	0.28
395100	6	0	1.00
395160	118	52	0.69
395190	4	0	1.00
39520	34	22	0.61
395400	3	4	0.43
39550	80	50	0.62
395520	735	103	0.88
395580	6	2	0.75
395760	14	1	0.93
395850	192	33	0.85
395910	3	18	0.14
396030	76	37	0.67
396060	94	7	0.93
396090	106	37	0.74
396360	28	17	0.62
396390	24	7	0.77
396420	3	1	0.75
396480	206	48	0.81
396660	48	7	0.87
39670	221	86	0.72
396750	668	72	0.90
396870	4	0	1.00
396900	428	20	0.96
396930	11	2	0.85
397020	2	2	0.50
397200	9	7	0.56
397320	11	19	0.37
397350	148	9	0.94
397440	8	1	0.89
397500	88	23	0.79
397620	165	110	0.60
397740	123	5	0.96
397770	19	4	0.83
397800	2	8	0.20
397830	2	2	0.50
397860	12	1	0.92
397950	1423	176	0.89
397980	24	51	0.32
398070	20	9	0.69
398100	253	40	0.86
398160	34	1	0.97
398250	15	0	1.00
398460	38	1	0.97
398640	33	23	0.59
398670	7	3	0.70
398850	485	22	0.96
398940	11	1	0.92
398970	9	10	0.47
399000	6	5	0.55
399090	2	8	0.20
399120	253	205	0.55
399180	4	2	0.67
399240	5	0	1.00
399270	13	9	0.59
399600	15	1	0.94
399660	83	58	0.59
399780	183	12	0.94
399900	9	5	0.64
40	389	68	0.85
400	15993	300	0.98
4000	22883	5056	0.82
400020	134	42	0.76
400110	127	54	0.70
400170	258	100	0.72
400200	15	13	0.54
400410	3	6	0.33
400470	29	13	0.69
400500	11	8	0.58
400710	7	1	0.88
400740	14	36	0.28
400800	95	30	0.76
401190	512	228	0.69
401250	13	9	0.59
401550	6	0	1.00
401820	39	20	0.66
402000	2	2	0.50
402030	14	3	0.82
402060	65	29	0.69
40210	8	0	1.00
402120	129	20	0.87
402150	28	5	0.85
402180	19	0	1.00
402210	22	4	0.85
402300	24	13	0.65
402330	356	36	0.91
402390	8	0	1.00
402450	45	19	0.70
402570	1143	325	0.78
402630	68	6	0.92
402750	34	6	0.85
402840	573	100	0.85
40300	934	203	0.82
403200	14	24	0.37
403230	4	2	0.67
403290	31	7	0.82
40330	36	14	0.72
403410	20	4	0.83
403560	36	113	0.24
403590	50	38	0.57
403740	136	113	0.55
403830	159	7	0.96
403860	11	18	0.38
403950	129	10	0.93
403980	17	47	0.27
404100	21	1	0.95
40420	77	33	0.70
404400	11	2	0.85
404460	3	0	1.00
404550	35	7	0.83
404580	43	16	0.73
404640	33	36	0.48
404700	51	8	0.86
404790	126	8	0.94
404820	42	5	0.89
404850	13	1	0.93
405000	44	1	0.98
405180	91	36	0.72
405540	12	6	0.67
405720	11	0	1.00
405780	48	16	0.75
405810	2	4	0.33
405900	932	109	0.90
405960	22	12	0.65
406080	56	50	0.53
406110	15	4	0.79
406170	53	28	0.65
406290	277	46	0.86
406410	10	5	0.67
406650	39	9	0.81
406920	21	0	1.00
407100	13	0	1.00
407190	5	1	0.83
407340	40	1	0.98
407700	7	16	0.30
407880	32	2	0.94
407940	66	1	0.99
408000	57	14	0.80
408120	154	246	0.39
408750	8	3	0.73
408900	59	17	0.78
408930	31	38	0.45
408960	63	13	0.83
408990	251	158	0.61
409020	8	2	0.80
409170	21	15	0.58
409290	18	8	0.69
40930	181	25	0.88
409320	52	17	0.75
409380	46	12	0.79
409410	10	5	0.67
409440	16	2	0.89
409530	4	1	0.80
409560	27	6	0.82
409590	240	165	0.59
40960	96	6	0.94
409710	1537	1925	0.44
409890	83	23	0.78
409920	118	7	0.94
410040	1	3	0.25
410130	4	0	1.00
410340	200	36	0.85
410370	5	0	1.00
410430	35	32	0.52
410490	3	3	0.50
41050	309	10	0.97
410550	2	2	0.50
410670	356	33	0.92
410820	272	6	0.98
410850	257	118	0.69
410910	18	4	0.82
410970	31	0	1.00
411000	123	27	0.82
411060	4	0	1.00
411120	60	7	0.90
411330	46	13	0.78
411390	1	1	0.50
411540	29	11	0.72
411570	74	6	0.93
411600	22	9	0.71
411630	5	5	0.50
411690	11	6	0.65
411720	8	0	1.00
411750	25	4	0.86
411870	7	0	1.00
411960	953	4	1.00
412050	235	26	0.90
412140	486	51	0.91
412170	40	2	0.95
412230	23	5	0.82
412380	6	9	0.40
412410	19	8	0.70
412440	1	2	0.33
412470	69	103	0.40
412740	1011	95	0.91
412770	144	20	0.88
412830	221	8	0.97
412860	14	4	0.78
413580	6	0	1.00
413700	8	2	0.80
413760	7	8	0.47
414060	4	2	0.67
414120	59	4	0.94
414510	179	13	0.93
414660	47	12	0.80
414720	143	24	0.86
414810	6	0	1.00
41500	2069	136	0.94
415080	8	21	0.28
415140	7	0	1.00
415350	50	8	0.86
415530	5	0	1.00
415740	95	11	0.90
415830	16	3	0.84
415860	145	307	0.32
415890	12	5	0.71
415920	45	1	0.98
415950	66	37	0.64
416040	8	4	0.67
416070	14	7	0.67
416130	881	283	0.76
416190	17	4	0.81
416220	1	3	0.25
416250	4	1	0.80
416310	17	6	0.74
416340	5	1	0.83
416370	14	17	0.45
416550	73	3	0.96
416610	3	7	0.30
416640	83	15	0.85
416670	55	60	0.48
416760	27	17	0.61
416790	95	5	0.95
41680	2	5	0.29
416850	9	4	0.69
417060	4	4	0.50
417150	20	4	0.83
41740	136	33	0.80
417480	1	2	0.33
417540	3	1	0.75
417750	114	39	0.75
417840	2	6	0.25
417900	10	0	1.00
417990	256	65	0.80
418050	8	2	0.80
418110	70	29	0.71
418260	8	5	0.62
418440	74	5	0.94
418620	33	1	0.97
418650	767	22	0.97
418950	68	11	0.86
419460	576	62	0.90
419520	138	123	0.53
420000	52	39	0.57
420060	29	0	1.00
420210	12	19	0.39
420270	35	31	0.53
420300	0	1	0.00
420360	14	0	1.00
420570	17	0	1.00
420840	124	6	0.95
420900	9	1	0.90
420930	144	15	0.91
421050	274	60	0.82
421110	1	4	0.20
421140	8	0	1.00
421260	59	1	0.98
42160	1033	1094	0.49
421740	76	6	0.93
421890	5	9	0.36
422100	39	49	0.44
422130	19	25	0.43
42220	28	5	0.85
422250	83	53	0.61
422610	17	4	0.81
422640	9	18	0.33
422910	15	0	1.00
422970	1924	86	0.96
423180	4	8	0.33
423270	17	1	0.94
423720	13	1	0.93
423750	13	9	0.59
423810	66	16	0.80
423840	20	18	0.53
423870	15	0	1.00
423900	46	30	0.61
424170	23	7	0.77
424260	7	11	0.39
424320	16	1	0.94
424590	66	52	0.56
424830	26	136	0.16
425070	19	3	0.86
425160	49	1	0.98
425220	141	44	0.76
425310	1	6	0.14
425340	24	3	0.89
425580	1168	26	0.98
425670	188	27	0.87
425820	12	1	0.92
426000	1213	299	0.80
426240	18	0	1.00
426330	106	13	0.89
426630	112	59	0.65
426690	33	2	0.94
42670	969	84	0.92
426930	52	5	0.91
42700	3933	709	0.85
427470	91	31	0.75
427770	10	1	0.91
427860	37	14	0.73
427890	12	4	0.75
427950	101	39	0.72
427980	131	44	0.75
428100	24	1	0.96
428190	22	33	0.40
428220	46	6	0.88
428250	7	3	0.70
428280	7	3	0.70
428340	31	1	0.97
428370	388	117	0.77
428430	177	179	0.50
428460	20	1	0.95
428760	8	9	0.47
428880	124	11	0.92
428940	0	4	0.00
429060	9	10	0.47
42910	7296	576	0.93
429120	10	4	0.71
429180	132	130	0.50
429300	367	41	0.90
429330	115	22	0.84
429390	18	9	0.67
42940	1	2	0.33
429570	885	298	0.75
429600	33	13	0.72
429690	18	0	1.00
429720	205	15	0.93
429780	158	37	0.81
4300	24	8	0.75
43000	213	142	0.60
430020	45	34	0.57
430080	33	13	0.72
430170	0	3	0.00
430230	9	1	0.90
430290	14	1	0.93
430440	736	472	0.61
431220	6	7	0.46
431250	56	8	0.88
431370	8	2	0.80
431460	13	6	0.68
431610	5	1	0.83
431730	263	1	1.00
431850	24	5	0.83
431910	52	12	0.81
432150	44	64	0.41
432180	2	0	1.00
432240	19	9	0.68
432330	20	7	0.74
432480	11	2	0.85
432540	0	1	0.00
432720	29	7	0.81
432780	9	4	0.69
432870	27	6	0.82
432990	7	2	0.78
433110	10	5	0.67
433320	52	61	0.46
433350	196	299	0.40
433380	20	11	0.65
433530	245	58	0.81
433590	16	3	0.84
433800	33	34	0.49
433830	4	1	0.80
433920	85	1	0.99
433950	79	0	1.00
434010	36	41	0.47
434070	14	2	0.88
434130	3	0	1.00
434220	14	0	1.00
434250	179	68	0.72
434370	23	1	0.96
434430	81	3	0.96
434490	18	0	1.00
434520	75	25	0.75
434700	2	1	0.67
434730	571	101	0.85
434790	10	3	0.77
434820	11	0	1.00
434880	22	10	0.69
434970	2	1	0.67
435030	833	88	0.90
435060	78	22	0.78
435120	47	1	0.98
435150	808	46	0.95
435300	150	16	0.90
435360	26	0	1.00
435420	5	3	0.62
435480	37	22	0.63
435600	8	4	0.67
435780	6	3	0.67
435840	8	1	0.89
43600	17	3	0.85
436110	404	90	0.82
436140	5	5	0.50
436320	769	126	0.86
436470	10	0	1.00
436500	137	36	0.79
436560	296	103	0.74
436860	7	12	0.37
437100	28	1	0.97
437220	5872	2705	0.68
437340	5	0	1.00
437400	3	10	0.23
437520	41	0	1.00
438000	16	1	0.94
438030	35	65	0.35
438090	2	3	0.40
438180	84	36	0.70
438270	534	23	0.96
438300	11	4	0.73
438360	4	1	0.80
438420	45	16	0.74
438450	11	0	1.00
438480	30	34	0.47
438600	28	21	0.57
438660	7	3	0.70
438720	12	18	0.40
439440	29	9	0.76
439740	4	0	1.00
439770	25	6	0.81
439800	3	0	1.00
439920	76	20	0.79
439950	25	14	0.64
440100	6	1	0.86
440280	23	6	0.79
440340	21	13	0.62
440520	28	23	0.55
440550	62	3	0.95
440730	30	34	0.47
440760	81	14	0.85
440790	2	3	0.40
440880	138	6	0.96
441870	236	211	0.53
4420	16	20	0.44
44200	79	28	0.74
442080	1691	1283	0.57
442110	66	61	0.52
442140	6	1	0.86
442260	18	3	0.86
442290	25	21	0.54
442500	156	32	0.83
442710	184	59	0.76
442890	12	9	0.57
443070	0	3	0.00
443370	9	1	0.90
443460	10	1	0.91
44350	2278	919	0.71
443580	788	303	0.72
443700	9	0	1.00
443850	7	5	0.58
443940	15	93	0.14
443970	32	16	0.67
444000	25	3	0.89
444090	24367	4112	0.86
444180	27	12	0.69
444210	0	2	0.00
444270	19	5	0.79
444420	7	12	0.37
444480	62	31	0.67
444690	30	18	0.62
444720	62	34	0.65
444930	76	20	0.79
445110	83	12	0.87
445140	30	10	0.75
445170	16	5	0.76
445230	124	51	0.71
445350	6	4	0.60
445770	71	12	0.86
446010	2	2	0.50
446040	25	5	0.83
446070	8	2	0.80
446100	30	4	0.88
446250	3	2	0.60
446310	50	2	0.96
446460	2	3	0.40
446490	2	11	0.15
446550	11	0	1.00
446640	44	2	0.96
44680	3	0	1.00
446910	31	0	1.00
447180	19	18	0.51
447240	7	0	1.00
447270	130	30	0.81
447780	15	0	1.00
447960	20	6	0.77
447990	2	0	1.00
448020	10	17	0.37
448050	17	1	0.94
448080	20	1	0.95
448110	9	2	0.82
448140	0	2	0.00
448230	7	6	0.54
448260	13	9	0.59
448320	36	6	0.86
448350	23	22	0.51
448440	16	9	0.64
448470	15	12	0.56
448500	16	3	0.84
448530	26	4	0.87
448560	16	18	0.47
448710	5	0	1.00
448830	32	12	0.73
448980	37	25	0.60
449040	467	102	0.82
449130	13	4	0.76
449220	89	75	0.54
449250	68	5	0.93
449310	15	1	0.94
449340	13	2	0.87
449520	6	2	0.75
449550	21	0	1.00
449730	39	0	1.00
449820	13	12	0.52
449940	8	18	0.31
450030	4	5	0.44
450060	16	12	0.57
450120	14	2	0.88
450390	224	0	1.00
450540	529	24	0.96
450570	3	5	0.38
450600	4	6	0.40
45100	987	202	0.83
451200	9	4	0.69
451230	5	12	0.29
451350	3	1	0.75
451650	118	40	0.75
451830	9	3	0.75
451920	50	12	0.81
451980	64	0	1.00
452340	23	5	0.82
452490	273	31	0.90
452640	31	12	0.72
452940	25	0	1.00
452970	28	13	0.68
453030	4	1	0.80
453090	613	53	0.92
453270	10	11	0.48
453300	24	4	0.86
453390	9	0	1.00
453480	1240	135	0.90
453510	6	0	1.00
453660	3	0	1.00
453720	43	14	0.75
453750	135	36	0.79
453780	4	0	1.00
453810	9	0	1.00
453960	23	16	0.59
453990	16	1	0.94
45400	381	31	0.92
454080	5	7	0.42
454200	14	14	0.50
454230	1	5	0.17
454320	48	4	0.92
454380	46	1	0.98
454410	16	4	0.80
454530	33	1	0.97
454560	7	8	0.47
454650	1482	494	0.75
454830	8	1	0.89
454890	59	13	0.82
455160	17	5	0.77
455340	8	4	0.67
455400	145	9	0.94
455490	21	17	0.55
455910	251	68	0.79
455940	10	16	0.38
455970	9	11	0.45
456450	13	11	0.54
456570	16	8	0.67
456660	8	17	0.32
456690	6	0	1.00
456780	8	5	0.62
456810	8	5	0.62
4570	1227	88	0.93
45700	664	57	0.92
457230	14	1	0.93
45730	74	81	0.48
457320	275	16	0.95
457380	25	6	0.81
457440	92	29	0.76
457530	41	9	0.82
45760	3248	603	0.84
457680	86	25	0.77
457710	14	48	0.23
457770	13	1	0.93
457860	263	28	0.90
457980	12	3	0.80
458370	15	2	0.88
458520	25	29	0.46
458700	8	4	0.67
458730	148	18	0.89
458940	5	13	0.28
458970	17	11	0.61
459090	89	8	0.92
459540	28	12	0.70
459630	2	4	0.33
459870	4	0	1.00
46000	46	17	0.73
460230	27	6	0.82
460650	22	5	0.81
460920	498	192	0.72
461010	59	9	0.87
461400	64	6	0.91
461430	215	20	0.91
461490	5	6	0.45
461520	13	15	0.46
461580	3	0	1.00
461640	168	17	0.91
461700	139	11	0.93
461760	8	5	0.62
461820	54	9	0.86
461850	14	3	0.82
461880	10	22	0.31
461910	286	139	0.67
461940	3	3	0.50
461970	30	43	0.41
462000	72	9	0.89
462030	50	25	0.67
462060	9	58	0.13
46270	57	23	0.71
462780	479	85	0.85
462930	972	515	0.65
462960	53	16	0.77
462990	41	0	1.00
463050	2	14	0.12
463110	109	39	0.74
463290	67	5	0.93
463320	8	11	0.42
463350	90	32	0.74
463440	0	2	0.00
46360	19	17	0.53
463680	127	101	0.56
463710	4	6	0.40
463800	23	2	0.92
463830	3	5	0.38
463860	27	6	0.82
463920	23	19	0.55
463980	60	5	0.92
464040	2	2	0.50
464070	2	2	0.50
464400	13	0	1.00
464490	10	0	1.00
46450	101	89	0.53
464610	2	4	0.33
464700	87	79	0.52
464760	11	15	0.42
46480	168	34	0.83
464820	2	7	0.22
464880	43	3	0.93
464940	17	12	0.59
465000	13	2	0.87
465060	3	0	1.00
46510	180	32	0.85
465150	21	2	0.91
465180	5	0	1.00
465240	327	49	0.87
465360	16	5	0.76
46540	93	201	0.32
465450	18	3	0.86
465510	10	16	0.38
465540	6	7	0.46
465660	25	14	0.64
46570	50	42	0.54
465750	4	1	0.80
465780	109	19	0.85
465840	16	5	0.76
465870	4	2	0.67
465990	1	0	1.00
46600	26	7	0.79
466110	73	7	0.91
466170	174	29	0.86
466350	23	9	0.72
466500	201	125	0.62
466800	84	15	0.85
466830	14	10	0.58
466890	2	18	0.10
466920	21	5	0.81
466980	70	15	0.82
467010	8	1	0.89
46720	2	8	0.20
467310	25	2	0.93
467370	36	27	0.57
467430	6	3	0.67
467460	6	11	0.35
46750	61	42	0.59
467520	4	6	0.40
467760	23	4	0.85
467790	3	1	0.75
467820	390	22	0.95
467850	40	19	0.68
467910	35	10	0.78
467940	9	1	0.90
468150	5	1	0.83
468240	23	0	1.00
46840	1	6	0.14
468780	17	1	0.94
468900	0	3	0.00
468930	31	6	0.84
469560	7	3	0.70
469650	57	48	0.54
469710	10	2	0.83
469890	41	5	0.89
469920	241	76	0.76
469980	6	2	0.75
470040	15	5	0.75
470130	9	5	0.64
470280	5	10	0.33
470760	8	0	1.00
47110	3	2	0.60
471270	6	1	0.86
471330	18	6	0.75
471570	22	0	1.00
471630	43	21	0.67
471660	43	7	0.86
471720	8	0	1.00
4720	464	85	0.85
472680	181	55	0.77
472770	10	0	1.00
472830	0	1	0.00
473460	1	0	1.00
473490	4	9	0.31
473520	12	19	0.39
473730	4	12	0.25
473910	98	22	0.82
473970	42	12	0.78
474030	20	5	0.80
47410	1557	1166	0.57
474210	156	14	0.92
474750	796	91	0.90
474810	1	1	0.50
474870	8	4	0.67
474960	707	126	0.85
47500	8	3	0.73
475050	4	2	0.67
475080	2	4	0.33
475620	1	0	1.00
476370	4	1	0.80
476460	124	29	0.81
476490	50	4	0.93
476700	100	23	0.81
477270	236	37	0.86
477750	9	3	0.75
477870	95	16	0.86
47800	169	88	0.66
47890	4291	768	0.85
478950	28	11	0.72
478980	40	4	0.91
479010	33	8	0.80
479040	10	4	0.71
479100	23	17	0.57
479130	86	142	0.38
47920	314	292	0.52
480480	45	6	0.88
480780	1	6	0.14
480900	4	1	0.80
481110	91	28	0.76
48190	1635	328	0.83
481950	3	0	1.00
48220	765	1320	0.37
482730	787	602	0.57
483420	44	3	0.94
483960	62	34	0.65
484890	3	1	0.75
484950	54	56	0.49
485040	42	3	0.93
485160	12	1	0.92
485220	26	15	0.63
485310	45	36	0.56
485340	3	2	0.60
485370	19	12	0.61
485490	31	7	0.82
485580	28	43	0.39
485640	15	0	1.00
485700	8	6	0.57
485760	16	9	0.64
485820	15	14	0.52
485970	9	0	1.00
486150	4	2	0.67
486360	40	27	0.60
486480	0	14	0.00
486630	3	1	0.75
486780	142	10	0.93
486810	3	0	1.00
486840	10	4	0.71
4870	28	5	0.85
48700	25774	695	0.97
487350	37	20	0.65
487590	10	7	0.59
487620	10	5	0.67
487770	25	3	0.89
488040	3	2	0.60
488160	1	0	1.00
488220	6	2	0.75
488280	56	13	0.81
488310	290	19	0.94
488460	0	2	0.00
488580	5	2	0.71
488910	33	16	0.67
489000	70	33	0.68
489180	7	3	0.70
489360	85	26	0.77
489600	85	6	0.93
489660	24	0	1.00
489720	14	1	0.93
489810	3	0	1.00
489900	7	6	0.54
4900	58	6	0.91
49000	14	3	0.82
490170	11	2	0.85
490860	10	1	0.91
490890	16	2	0.89
490950	18	1	0.95
490980	19	6	0.76
491040	36	4	0.90
491130	550	63	0.90
491160	14	8	0.64
491220	3	1	0.75
491520	43	27	0.61
491580	6	8	0.43
491730	12	5	0.71
491790	11	33	0.25
492240	31	10	0.76
492600	3	3	0.50
492630	108	11	0.91
492660	10	2	0.83
492840	3	1	0.75
492870	23	2	0.92
49300	27	36	0.43
493110	2	0	1.00
493290	10	0	1.00
49330	39	20	0.66
493380	4	0	1.00
493410	14	4	0.78
493650	7	14	0.33
493770	1	4	0.20
493980	5	0	1.00
494100	16	1	0.94
494220	16	10	0.62
494310	24	0	1.00
494370	20	3	0.87
494460	6	3	0.67
495030	14	1	0.93
495060	2	9	0.18
495090	8	2	0.80
49540	1529	1664	0.48
495450	4	7	0.36
495720	23	4	0.85
495780	46	6	0.88
495900	17	3	0.85
495960	11	4	0.73
495990	3	1	0.75
49600	3369	161	0.95
496230	4	2	0.67
496260	40	2	0.95
496320	3	0	1.00
496380	3	2	0.60
496440	3	4	0.43
496500	9	8	0.53
496530	4	2	0.67
496590	6	0	1.00
496650	5	13	0.28
496680	33	83	0.28
496890	154	24	0.87
496920	6768	235	0.97
496980	5	1	0.83
497100	17	4	0.81
497280	1	2	0.33
497310	1	2	0.33
497400	35	19	0.65
497430	2	0	1.00
497460	26	1	0.96
497490	2	0	1.00
497580	5	4	0.56
497640	220	13	0.94
497670	12	3	0.80
497700	33	1	0.97
497790	5	1	0.83
497820	150	7	0.96
497850	117	23	0.84
497940	39	32	0.55
498030	6	1	0.86
49810	49	10	0.83
498240	1699	599	0.74
498300	8	4	0.67
498330	231	23	0.91
498360	3	0	1.00
498450	1	1	0.50
498510	17	17	0.50
498570	53	10	0.84
498600	35	8	0.81
498660	23	1	0.96
49900	113	52	0.68
499110	1	0	1.00
499230	37	10	0.79
499440	565	15	0.97
499620	54	8	0.87
499950	15	9	0.62
500100	1	1	0.50
500190	17	7	0.71
500580	26	6	0.81
500790	12	0	1.00
500880	7	0	1.00
501030	7	0	1.00
501120	77	4	0.95
501180	121	16	0.88
501480	3	0	1.00
501690	14	14	0.50
501720	9	5	0.64
501840	7	5	0.58
501900	1	7	0.12
501930	7	0	1.00
501990	43	7	0.86
502140	16	8	0.67
502200	0	1	0.00
502230	21	1	0.95
502320	13	3	0.81
502410	0	5	0.00
502440	1	4	0.20
502650	6	4	0.60
502710	58	20	0.74
502740	31	5	0.86
502770	67	15	0.82
503010	7	6	0.54
503100	15	3	0.83
503160	21	15	0.58
503340	30	3	0.91
503370	17	4	0.81
503460	23	1	0.96
503820	34	9	0.79
504210	616	21	0.97
504360	6	1	0.86
504390	38	3	0.93
504420	7	1	0.88
504630	16	6	0.73
504750	8	0	1.00
504810	2	2	0.50
505140	3	1	0.75
505170	307	66	0.82
505440	12	5	0.71
505680	6	0	1.00
50620	2932	461	0.86
506280	21	4	0.84
506550	13	3	0.81
506610	2370	169	0.93
506670	7	2	0.78
506730	17	17	0.50
507120	4	0	1.00
507210	4	3	0.57
507360	2	3	0.40
507390	79	55	0.59
508140	62	43	0.59
508170	55	13	0.81
508230	12	4	0.75
508260	10	2	0.83
508290	9	17	0.35
508710	13	2	0.87
508740	18	4	0.82
509070	6	1	0.86
509190	6	9	0.40
50920	6	3	0.67
509220	138	15	0.90
50950	8	3	0.73
50980	2	0	1.00
51010	20	10	0.67
510570	13	6	0.68
510630	48	38	0.56
510660	41	73	0.36
510750	9	15	0.38
510780	7	0	1.00
510990	5	0	1.00
51100	3834	2282	0.63
511140	21	0	1.00
511350	12	0	1.00
511470	24	1	0.96
511500	14	4	0.78
511740	166	13	0.93
511800	5	0	1.00
511830	6	1	0.86
512220	89	7	0.93
512430	9	23	0.28
512550	4	0	1.00
512610	1	2	0.33
512640	10	8	0.56
512790	78	3	0.96
513000	167	326	0.34
513210	7	2	0.78
513360	11	2	0.85
513420	10	10	0.50
513450	41	5	0.89
513510	39	9	0.81
513570	9	26	0.26
513630	4	4	0.50
513780	66	14	0.82
513810	2	3	0.40
513930	5	21	0.19
513960	2	0	1.00
513990	11	6	0.65
514050	3	0	1.00
514290	12	5	0.71
514350	5	1	0.83
514410	13	2	0.87
514470	4	7	0.36
514890	18	1	0.95
515040	518	60	0.90
515310	17	35	0.33
515910	7	7	0.50
516510	69	26	0.73
516750	2172	212	0.91
516840	14	0	1.00
516900	3	0	1.00
517020	16	11	0.59
517170	5	2	0.71
517230	2	1	0.67
517320	18	1	0.95
517350	19	1	0.95
517470	3	0	1.00
517680	13	3	0.81
517710	650	68	0.91
518100	3	6	0.33
518580	934	31	0.97
518670	76	6	0.93
518730	23	2	0.92
519030	8	5	0.62
519930	10	16	0.38
520230	3	0	1.00
520290	12	3	0.80
520440	134	7	0.95
520470	12	3	0.80
520530	67	12	0.85
521100	2	1	0.67
521130	12	0	1.00
521190	28	2	0.93
521280	4	0	1.00
521340	271	136	0.67
521430	3	0	1.00
521940	6	5	0.55
522030	30	11	0.73
522210	20	1	0.95
522570	25	20	0.56
522660	1	4	0.20
522990	12	0	1.00
523170	12	1	0.92
523680	15	2	0.88
523710	69	20	0.78
524340	2	3	0.40
524490	7	1	0.88
524520	27	6	0.82
524850	9	1	0.90
524970	111	160	0.41
525210	8	1	0.89
525450	7	0	1.00
525540	3	1	0.75
525600	0	4	0.00
525780	66	11	0.86
526470	6	7	0.46
526590	8	4	0.67
526680	5	0	1.00
526740	45	43	0.51
526800	10	0	1.00
526890	6	0	1.00
527160	46	10	0.82
527340	189	36	0.84
527490	8	0	1.00
527520	1	2	0.33
527550	2	6	0.25
527700	16	2	0.89
527730	11	4	0.73
527760	10	11	0.48
527790	1	1	0.50
528090	2	4	0.33
528210	6	4	0.60
528300	10	0	1.00
528510	21	7	0.75
528660	27	3	0.90
528720	29	1	0.97
529110	1048	219	0.83
529410	13	0	1.00
529500	12	8	0.60
529770	29	4	0.88
529950	15	1	0.94
530520	12	7	0.63
531240	6	3	0.67
531270	137	34	0.80
531480	12	1	0.92
531540	15	2	0.88
531930	70	12	0.85
531960	119	46	0.72
531990	8	0	1.00
532110	125	3	0.98
532290	19	0	1.00
532800	17	8	0.68
533640	2	2	0.50
533820	2	0	1.00
533850	0	2	0.00
533910	5	1	0.83
534000	35	4	0.90
534360	4	1	0.80
534480	6	8	0.43
534570	13	5	0.72
534690	3	1	0.75
534720	16	2	0.89
534750	14	1	0.93
534960	8	1	0.89
535170	9	3	0.75
535290	2	1	0.67
535410	21	1	0.95
535440	3	7	0.30
536040	12	0	1.00
536340	5	9	0.36
536640	16	13	0.55
537060	1	3	0.25
537090	1	9	0.10
537180	499	313	0.61
537360	7	5	0.58
538170	4	0	1.00
538560	0	8	0.00
538590	5	15	0.25
538950	9	2	0.82
539370	15	1	0.94
539400	5	0	1.00
539460	1	1	0.50
539640	30	35	0.46
539670	29	5	0.85
540120	11	3	0.79
540510	24	4	0.86
540840	58	7	0.89
540870	6	2	0.75
541380	2	3	0.40
541560	3	0	1.00
541920	2	3	0.40
542310	791	138	0.85
542340	7	13	0.35
542400	7	0	1.00
542430	1	7	0.12
542520	13	3	0.81
542550	6	0	1.00
542670	1	4	0.20
542730	4	8	0.33
543030	10	0	1.00
543270	3	1	0.75
543360	2	7	0.22
543420	4	13	0.24
543600	9	0	1.00
544140	1	9	0.10
544410	5	0	1.00
544440	1	1	0.50
544530	13	1	0.93
544590	15	6	0.71
544710	1	0	1.00
545280	2	7	0.22
545580	7	8	0.47
546090	12	1	0.92
546390	260	15	0.95
546450	1	1	0.50
546600	21	4	0.84
546780	8	1	0.89
547200	5	0	1.00
547260	24	5	0.83
547410	72	9	0.89
547440	3	0	1.00
547590	35	4	0.90
547740	3	0	1.00
547980	11	0	1.00
548340	49	1	0.98
548760	8	8	0.50
549090	18	0	1.00
549360	5	0	1.00
549900	5	1	0.83
550	47183	3797	0.93
55000	134	16	0.89
550170	3	0	1.00
550890	2	1	0.67
551100	2	0	1.00
55150	3313	264	0.93
551520	2	1	0.67
551580	14	0	1.00
552060	20	1	0.95
552720	3	2	0.60
553500	1	0	1.00
553590	13	1	0.93
554310	11	8	0.58
554640	12	12	0.50
555060	16	2	0.89
555180	7	6	0.54
555570	854	1379	0.38
555630	14	0	1.00
555750	27	16	0.63
555930	2	2	0.50
557190	9	2	0.82
557700	4	1	0.80
558660	55	22	0.71
559500	1	0	1.00
562050	7	2	0.78
562320	10	2	0.83
562710	0	2	0.00
563400	9	1	0.90
563430	18	2	0.90
57640	380	45	0.89
57700	45	18	0.71
58570	98	18	0.84
6010	300	8	0.97
60340	9	5	0.64
6040	304	22	0.93
60700	6	20	0.23
61510	37	15	0.71
61600	229	29	0.89
6220	374	56	0.87
6250	243	50	0.83
6310	620	35	0.95
63610	148	61	0.71
63640	9	1	0.90
6370	660	114	0.85
63700	379	104	0.78
63910	156	9	0.95
63940	142	108	0.57
6400	34	6	0.85
64000	1185	142	0.89
65080	42	20	0.68
65200	13	26	0.33
6550	342	374	0.48
65500	31	35	0.47
65530	30	19	0.61
65560	36	66	0.35
65740	188	243	0.44
65800	5757	578	0.91
65980	5525	5368	0.51
67000	200	63	0.76
6850	449	66	0.87
6880	526	271	0.66
6910	187	0	1.00
70	7649	267	0.97
7000	384	65	0.86
70000	4992	827	0.86
70120	62	148	0.30
70210	53	16	0.77
70300	3534	127	0.97
70420	274	89	0.75
70660	67	87	0.44
70900	167	31	0.84
71230	308	107	0.74
71260	227	37	0.86
7210	74	42	0.64
72400	17	6	0.74
72850	806	1454	0.36
73060	13	36	0.27
73210	105	42	0.71
7510	446	403	0.53
7600	514	284	0.64
7660	214	21	0.91
7840	11	21	0.34
80200	190	48	0.80
80350	142	6	0.96
8080	270	259	0.51
8140	354	124	0.74
8170	316	183	0.63
8200	127	23	0.85
8230	146	22	0.87
8260	38	2	0.95
8290	3	0	1.00
8320	14	5	0.74
8350	1	0	1.00
8380	1	0	1.00
8500	2685	621	0.81
8800	662	22	0.97
8890	65	13	0.83
8980	8634	551	0.94
9010	865	59	0.94
9040	75	2	0.97
90400	38	8	0.83
91330	167	85	0.66
9160	111	20	0.85
91600	1367	134	0.91
91810	8	4	0.67
91900	359	93	0.79
92800	1955	134	0.94
9310	190	25	0.88
9340	234	20	0.92
94000	274	262	0.51
94300	415	30	0.93
94510	19	0	1.00
9460	139	87	0.62
94600	15	4	0.79
96100	87	8	0.92
96400	337	42	0.89
97000	923	112	0.89
97120	24	2	0.92
9730	24	42	0.36
97330	468	71	0.87
9760	46	11	0.81
98200	1260	180	0.88
9850	16	15	0.52
98500	47	59	0.44
9880	1043	359	0.74
99100	53	176	0.23
9940	375	80	0.82
99400	75	83	0.47
9970	3	16	0.16
99700	395	53	0.88
99910	590	131	0.82
