10100	68	20	0.77
10130	222	73	0.75
10220	203	376	0.35
10250	4	10	0.29
102700	2390	2684	0.47
102850	93	45	0.67
104020	49	20	0.71
104200	639	182	0.78
10460	22	16	0.58
105100	134	168	0.44
105700	51	37	0.58
106000	45	32	0.58
107200	1653	118	0.93
107410	28708	3600	0.89
107800	627	57	0.92
108700	162	70	0.70
110500	32	16	0.67
110800	4270	851	0.83
111010	24	15	0.62
111100	184	40	0.82
111400	63	135	0.32
11150	32	19	0.63
11180	14	42	0.25
11240	190	172	0.52
113020	3363	314	0.91
113200	19580	822	0.96
11330	222	58	0.79
11360	156	63	0.71
11390	330	344	0.49
11450	946	90	0.91
11480	64	15	0.81
115120	293	69	0.81
115210	63	30	0.68
11900	35	5	0.88
12110	2126	230	0.90
12140	1364	171	0.89
12170	66	5	0.93
12200	2934	523	0.85
12320	270	71	0.79
12470	57	30	0.66
1250	21168	849	0.96
12500	279	32	0.90
12530	8	2	0.80
12560	6	14	0.30
12590	12	14	0.46
12710	300	25	0.92
12770	132	79	0.63
12830	301	240	0.56
1313	13	2	0.87
13250	309	16	0.95
13520	937	227	0.80
13580	95	151	0.39
15080	45	15	0.75
15170	220	54	0.80
1520	1131	155	0.88
15200	101	39	0.72
15230	14	16	0.47
15320	564	42	0.93
15380	12	5	0.71
15500	270	88	0.75
15560	411	108	0.79
15620	2078	320	0.87
15710	337	14	0.96
15740	213	97	0.69
15800	1	0	1.00
15920	1	5	0.17
15950	20	7	0.74
16040	6	3	0.67
1610	72	14	0.84
16100	12	4	0.75
16130	19	2	0.90
1640	138	64	0.68
16730	461	459	0.50
1700	190	32	0.86
17120	23	5	0.82
17180	13	4	0.76
17300	1797	389	0.82
17330	431	74	0.85
17450	1578	135	0.92
17480	890	253	0.78
17570	1293	183	0.88
18020	82	15	0.85
18050	67	13	0.84
18470	10	14	0.42
18500	2002	49	0.98
20	1294	248	0.84
200020	34	64	0.35
200050	31	49	0.39
200080	33	7	0.82
200170	1239	239	0.84
200230	112	72	0.61
200260	868	0	1.00
200410	28	30	0.48
200710	12025	662	0.95
201010	39	4	0.91
201040	32	61	0.34
201070	93	89	0.51
201490	27	199	0.12
201700	731	266	0.73
201790	135	4	0.97
202270	136	123	0.53
202690	71	4	0.95
202750	1052	357	0.75
202990	1	0	1.00
203140	5994	1065	0.85
203290	2411	858	0.74
203350	170	41	0.81
203560	98	34	0.74
203650	272	90	0.75
203680	113	52	0.68
203770	12310	927	0.93
203830	332	68	0.83
204100	6055	1764	0.77
204220	95	41	0.70
204340	880	170	0.84
204580	13	1	0.93
204760	19	67	0.22
204880	4129	247	0.94
204940	46	24	0.66
205060	39	31	0.56
205090	44	33	0.57
20510	890	229	0.80
205270	18	2	0.90
20540	529	34	0.94
205690	135	35	0.79
20570	617	46	0.93
205810	41	30	0.58
205840	208	42	0.83
205870	105	28	0.79
205990	257	175	0.59
206020	36	7	0.84
206230	5	6	0.45
206410	9	3	0.75
206440	13756	465	0.97
206500	3625	448	0.89
207040	338	72	0.82
207190	22	25	0.47
207250	202	72	0.74
207370	111	119	0.48
207400	238	13	0.95
207430	223	260	0.46
207490	619	37	0.94
207670	12	22	0.35
207730	49	109	0.31
207790	11	58	0.16
208030	146	109	0.57
208090	13820	2787	0.83
208480	2472	1216	0.67
208600	299	38	0.89
208630	24	3	0.89
208750	1008	113	0.90
20900	5710	1278	0.82
209080	7880	438	0.95
209230	66	18	0.79
209650	16	114	0.12
209710	78	56	0.58
209830	676	95	0.88
209950	294	33	0.90
210490	1	33	0.03
210550	138	23	0.86
210970	1596	294	0.84
211180	187	14	0.93
211360	271	56	0.83
211420	26159	3439	0.88
211600	820	66	0.93
211780	139	13	0.91
211900	177	35	0.83
212050	244	15	0.94
212110	60	25	0.71
212410	101	100	0.50
212500	2639	634	0.81
212680	25160	776	0.97
212800	2946	406	0.88
213610	2087	359	0.85
213670	3475	4	1.00
213850	1815	512	0.78
214150	21	25	0.46
214360	557	249	0.69
214420	2460	1154	0.68
214510	1076	121	0.90
214570	88	20	0.81
214630	93	60	0.61
214870	490	227	0.68
21500	4	1	0.80
215080	1128	422	0.73
215470	1919	484	0.80
215530	1917	451	0.81
215710	119	25	0.83
215770	24	25	0.49
216130	11	62	0.15
216670	18	3	0.86
21680	261	135	0.66
216910	317	145	0.69
217120	25	1	0.96
217270	55	27	0.67
217690	405	276	0.59
217750	187	83	0.69
21800	110	45	0.71
218020	26	6	0.81
218230	17532	3206	0.85
218410	1589	33	0.98
218620	61765	27208	0.69
218680	3186	298	0.91
218740	580	117	0.83
218860	27	29	0.48
218980	18	95	0.16
219070	4	4	0.50
219190	303	28	0.92
219340	337	115	0.75
219640	17365	3923	0.82
219700	197	124	0.61
219760	37	25	0.60
219910	399	45	0.90
220090	401	53	0.88
220240	13329	2300	0.85
220420	5	1	0.83
220660	375	541	0.41
220780	5439	262	0.95
220900	105	86	0.55
220960	4	1	0.80
2210	249	61	0.80
22100	1051	102	0.91
221020	408	1358	0.23
221260	3891	296	0.93
22130	86	13	0.87
221380	13840	1133	0.92
221830	116	26	0.82
222160	82	79	0.51
222520	19	21	0.47
222640	229	56	0.80
222730	1556	396	0.80
222880	24417	2118	0.92
222940	802	110	0.88
223000	45	8	0.85
22310	158	95	0.62
223330	61	34	0.64
22340	481	226	0.68
223450	108	35	0.76
223510	428	107	0.80
223630	157	117	0.57
22370	9291	1955	0.83
223750	1450	315	0.82
223810	551	80	0.87
224260	14484	1688	0.90
224380	7	15	0.32
224440	923	361	0.72
224500	1695	347	0.83
224740	286	135	0.68
224860	104	204	0.34
224920	252	104	0.71
224980	89	12	0.88
225160	814	55	0.94
225280	448	72	0.86
225640	377	178	0.68
22610	268	113	0.70
226120	199	90	0.69
22670	72	38	0.65
226720	518	392	0.57
226780	11	23	0.32
226840	1981	432	0.82
226960	162	80	0.67
2270	694	49	0.93
227080	1079	80	0.93
227200	582	48	0.92
227260	315	23	0.93
227380	159	49	0.76
227560	144	73	0.66
227800	78	22	0.78
227860	1045	1467	0.42
227920	44	50	0.47
228280	1759	340	0.84
228400	850	879	0.49
228880	825	399	0.67
229480	339	59	0.85
229600	56	89	0.39
229810	191	61	0.76
229870	204	39	0.84
2300	917	77	0.92
230050	3247	553	0.85
230230	6422	646	0.91
230290	2586	132	0.95
230350	16	4	0.80
230410	43749	4480	0.91
230860	345	24	0.93
230980	183	136	0.57
231040	399	153	0.72
231160	2988	79	0.97
231310	191	110	0.63
231430	8071	3059	0.73
231910	157	48	0.77
232090	17465	4323	0.80
232450	599	286	0.68
232750	634	239	0.73
232810	1242	3358	0.27
2330	24	5	0.83
23300	43	25	0.63
233110	24	55	0.30
233230	632	211	0.75
233290	2328	619	0.79
233350	156	32	0.83
233410	40	4	0.91
233470	2151	551	0.80
233530	24	82	0.23
233680	167	13	0.93
233740	1537	192	0.89
233860	1953	344	0.85
233980	1567	195	0.89
234160	257	53	0.83
234190	1787	392	0.82
23420	44	25	0.64
234370	17	38	0.31
234490	200	202	0.50
23450	138	49	0.74
234670	2344	323	0.88
234820	110	60	0.65
234940	417	102	0.80
235210	1020	149	0.87
235360	267	111	0.71
235540	5724	1408	0.80
235600	2841	819	0.78
235660	43	18	0.70
235720	117	32	0.79
235900	143	8	0.95
2360	120	10	0.92
23600	37	12	0.76
236110	4872	1702	0.74
236290	16	4	0.80
236470	71	60	0.54
236530	5	19	0.21
236890	3	6	0.33
237310	2543	761	0.77
237370	103	61	0.63
237430	446	83	0.84
237550	46	66	0.41
237760	198	17	0.92
237850	1212	281	0.81
237970	15	9	0.62
238090	2649	877	0.75
238210	2552	124	0.95
238240	817	822	0.50
238750	710	358	0.66
238870	22	178	0.11
238930	226	154	0.59
238960	20094	1468	0.93
2390	170	6	0.97
239140	13364	1397	0.91
239200	1626	1074	0.60
239350	4208	402	0.91
239410	89	200	0.31
239800	935	67	0.93
240340	38	3	0.93
240760	3433	812	0.81
240970	245	16	0.94
241240	574	43	0.93
241540	7376	1545	0.83
241600	7995	551	0.94
241660	83	40	0.67
241720	359	342	0.51
241930	17201	1564	0.92
241990	285	118	0.71
2420	293	134	0.69
24200	3703	950	0.80
242050	6587	1095	0.86
242110	85	92	0.48
242530	106	75	0.59
242680	5762	206	0.97
242800	242	962	0.20
242860	9979	1460	0.87
242920	12462	1304	0.91
242980	119	130	0.48
243040	279	37	0.88
243160	191	46	0.81
243220	333	40	0.89
243280	72	20	0.78
244030	441	231	0.66
244090	108	60	0.64
24410	6	5	0.55
244210	3715	634	0.85
244450	2895	754	0.79
244630	1047	381	0.73
244690	63	24	0.72
244810	226	46	0.83
244870	1654	181	0.90
244930	3408	1418	0.71
2450	317	96	0.77
245050	26	38	0.41
245170	6130	349	0.95
245470	2784	791	0.78
245620	2343	915	0.72
246070	282	232	0.55
246280	1781	666	0.73
24650	5	8	0.38
246580	1581	216	0.88
246700	1018	445	0.70
246760	232	98	0.70
246820	9	2	0.82
246880	17	41	0.29
246940	68	185	0.27
247000	1367	496	0.73
247120	33	62	0.35
247240	891	160	0.85
24740	3022	678	0.82
247660	943	436	0.68
24800	300	133	0.69
248170	229	29	0.89
248350	166	90	0.65
248410	40	109	0.27
248470	145	96	0.60
248530	197	81	0.71
248650	206	89	0.70
248710	56	198	0.22
248800	486	142	0.77
249130	2950	279	0.91
249190	87	101	0.46
249550	182	51	0.78
249610	30	18	0.62
24980	4904	217	0.96
250030	240	88	0.73
25010	175	45	0.80
250180	1795	253	0.88
250240	24	133	0.15
250360	8	4	0.67
250420	1833	1367	0.57
250540	10	21	0.32
250600	8453	786	0.91
250660	132	63	0.68
250720	8	40	0.17
250900	22808	498	0.98
251020	15	9	0.62
251110	208	27	0.89
251170	1180	478	0.71
251230	65	30	0.68
251290	517	12	0.98
251410	49	74	0.40
251470	942	74	0.93
251530	96	23	0.81
251710	106	79	0.57
251770	129	24	0.84
251830	339	16	0.95
251890	185	109	0.63
252010	219	46	0.83
252070	104	30	0.78
252250	266	247	0.52
252310	259	43	0.86
252370	298	57	0.84
252430	23	23	0.50
252490	61032	16005	0.79
252550	236	27	0.90
252670	794	109	0.88
252730	67	11	0.86
252850	652	154	0.81
252910	32	206	0.13
252970	47	10	0.82
253030	2589	159	0.94
253150	238	52	0.82
253330	611	250	0.71
253390	82	16	0.84
253510	345	371	0.48
253570	28	38	0.42
253630	140	96	0.59
253690	148	42	0.78
253750	614	26	0.96
253900	420	134	0.76
253960	43	49	0.47
2540	70	67	0.51
254080	39	38	0.51
254200	979	288	0.77
254320	477	41	0.92
254440	1239	133	0.90
254590	184	147	0.56
254860	2	4	0.33
254920	8	3	0.73
255070	654	412	0.61
255220	1362	637	0.68
255280	152	52	0.75
255340	203	7	0.97
255370	258	161	0.62
255520	635	153	0.81
255940	24	30	0.44
256030	90	55	0.62
256330	174	132	0.57
256390	66	61	0.52
2570	12	68	0.15
25700	105	26	0.80
257050	238	244	0.49
257170	499	72	0.87
257260	34	2	0.94
257350	1079	198	0.84
257650	14	11	0.56
257710	561	69	0.89
257770	29	18	0.62
257830	124	109	0.53
258010	403	63	0.86
258070	31	8	0.79
258220	138	99	0.58
258520	3430	448	0.88
258700	499	195	0.72
258760	99	42	0.70
258880	65	89	0.42
258910	140	26	0.84
258970	2481	905	0.73
259060	760	63	0.92
25910	87	21	0.81
259450	98	39	0.72
259510	219	44	0.83
259570	380	72	0.84
259600	362	75	0.83
259660	153	59	0.72
259720	123	54	0.69
259780	286	41	0.87
259810	37	1	0.97
259870	118	30	0.80
259960	20	3	0.87
2600	2952	165	0.95
260020	10	6	0.62
260230	4212	284	0.94
260380	17	7	0.71
260410	481	226	0.68
260530	38	5	0.88
260650	37	24	0.61
260710	14	7	0.67
261430	130	99	0.57
261640	6605	1962	0.77
261700	476	88	0.84
261760	781	498	0.61
261880	255	33	0.89
261940	22	9	0.71
262000	244	17	0.93
262060	5285	1465	0.78
262120	230	77	0.75
262150	765	379	0.67
262210	81	24	0.77
262240	59	7	0.89
262300	4	2	0.67
262390	449	81	0.85
262450	161	34	0.83
262510	11	2	0.85
262630	11	1	0.92
262690	252	44	0.85
262750	177	54	0.77
262870	1	21	0.05
262900	145	49	0.75
2630	660	59	0.92
263020	459	42	0.92
263080	101	52	0.66
263140	49	74	0.40
263200	301	54	0.85
263320	226	56	0.80
263380	120	10	0.92
263500	663	252	0.72
263560	310	64	0.83
263620	958	209	0.82
263680	162	169	0.49
263740	212	46	0.82
263800	1	17	0.06
263860	85	39	0.69
263920	112	32	0.78
263980	2152	173	0.93
264160	304	38	0.89
264220	79	15	0.84
264280	131	114	0.53
264340	96	23	0.81
264400	21	0	1.00
264460	4	15	0.21
264580	25	25	0.50
264730	471	215	0.69
265000	236	31	0.88
265210	1615	166	0.91
265240	4	7	0.36
265300	1772	1439	0.55
265330	140	90	0.61
265630	9507	775	0.92
265690	393	97	0.80
265750	658	211	0.76
265810	170	128	0.57
265870	80	54	0.60
265930	21289	2904	0.88
265990	112	68	0.62
266050	60	53	0.53
266110	543	81	0.87
266170	220	116	0.65
266230	253	43	0.85
266290	32	83	0.28
266410	241	39	0.86
266980	2	1	0.67
267220	3	11	0.21
267340	80	41	0.66
267490	175	317	0.36
267610	97	228	0.30
267670	12	14	0.46
267730	11	12	0.48
267940	39	119	0.25
268240	161	30	0.84
268360	102	33	0.76
268420	2304	684	0.77
268540	107	86	0.55
268750	3135	474	0.87
268810	86	28	0.75
268870	872	201	0.81
268930	50	18	0.74
26900	301	74	0.80
269050	866	63	0.93
269110	184	61	0.75
269230	183	34	0.84
269290	187	175	0.52
269350	53	38	0.58
269470	39	22	0.64
269530	10	29	0.26
269590	50	47	0.52
269650	422	91	0.82
269770	1465	65	0.96
269890	67	88	0.43
270010	169	12	0.93
270070	10	8	0.56
270130	613	88	0.87
270190	49	36	0.58
27020	122	118	0.51
270310	175	69	0.72
270430	1	8	0.11
270490	99	22	0.82
27050	29	29	0.50
270550	3582	517	0.87
270760	9	4	0.69
270790	45	16	0.74
270850	1023	262	0.80
270880	5275	405	0.93
271240	1174	329	0.78
271360	90	25	0.78
271570	284	105	0.73
271900	466	28	0.94
271990	18	3	0.86
2720	22	2	0.92
27200	3	9	0.25
272470	451	287	0.61
272890	350	201	0.64
273070	223	75	0.75
273730	18	46	0.28
273760	24	143	0.14
273790	1	3	0.25
273820	14	42	0.25
273850	3	16	0.16
273940	44	89	0.33
274270	691	107	0.87
274480	159	15	0.91
274900	1698	38	0.98
275080	46	70	0.40
275200	478	39	0.92
275290	154	27	0.85
275350	27	8	0.77
275470	206	52	0.80
275530	136	91	0.60
275830	9	0	1.00
276220	17	9	0.65
276340	38	10	0.79
276430	3	6	0.33
276460	2	4	0.33
276730	32	13	0.71
277270	22	6	0.79
277390	67	11	0.86
277450	257	79	0.76
277510	14	21	0.40
277540	6	11	0.35
277630	33	8	0.80
277870	182	58	0.76
277930	359	252	0.59
2780	67	28	0.71
27800	28	11	0.72
278080	1455	364	0.80
278440	129	43	0.75
278530	44	37	0.54
278590	12	1	0.92
278620	171	78	0.69
278890	116	42	0.73
279070	36	3	0.92
279160	92	47	0.66
27920	45	55	0.45
279460	2	5	0.29
279520	14	7	0.67
279580	63	31	0.67
279640	28	26	0.52
279940	211	18	0.92
280180	290	25	0.92
280360	163	95	0.63
280540	58	24	0.71
280600	145	26	0.85
280720	74	19	0.80
280930	104	19	0.85
2810	102	62	0.62
281260	20	25	0.44
281350	15	43	0.26
281410	106	41	0.72
281560	6	4	0.60
281860	70	9	0.89
281920	153	21	0.88
282010	118	8	0.94
282070	10257	657	0.94
282100	200	44	0.82
282640	27	1	0.96
282760	637	110	0.85
282880	93	43	0.68
283000	22	36	0.38
283060	72	62	0.54
283180	45	13	0.78
283270	27	4	0.87
283330	20	41	0.33
283390	46	36	0.56
283450	18	10	0.64
283660	71	47	0.60
283840	39	1	0.97
283960	366	7	0.98
2840	63	21	0.75
284020	29	2	0.94
284050	105	4	0.96
284200	14	4	0.78
284260	81	12	0.87
284290	21	31	0.40
284410	18	6	0.75
284680	2	0	1.00
284710	252	25	0.91
284770	232	8	0.97
284830	207	31	0.87
284890	93	31	0.75
284950	522	162	0.76
285010	106	46	0.70
285070	64	21	0.75
285130	38	21	0.64
285160	603	296	0.67
285310	1452	74	0.95
285520	13	7	0.65
285580	463	217	0.68
285670	1	3	0.25
285820	242	24	0.91
286120	115	153	0.43
286240	146	10	0.94
286360	121	40	0.75
286480	39	5	0.89
286540	87	9	0.91
286570	329	586	0.36
286660	78	9	0.90
286690	3691	559	0.87
286750	7	2	0.78
286810	38	32	0.54
286930	17	24	0.41
2870	1118	2252	0.33
287020	299	27	0.92
287200	55	56	0.50
287260	279	55	0.84
287290	1740	643	0.73
287740	3	13	0.19
287860	32	55	0.37
287920	681	738	0.48
287980	2461	79	0.97
288040	222	50	0.82
288100	5	1	0.83
288160	2509	105	0.96
288220	125	14	0.90
288370	146	34	0.81
288610	3	1	0.75
288670	5	0	1.00
288730	11	31	0.26
288790	25	21	0.54
288880	69	69	0.50
288970	14	12	0.54
289090	367	282	0.57
289180	17	20	0.46
289240	3	2	0.60
289300	76	15	0.84
289360	4	4	0.50
289420	28	20	0.58
289480	7	15	0.32
289600	69	53	0.57
289690	183	237	0.44
289780	77	73	0.51
289840	8	20	0.29
289930	228	114	0.67
2900	20	5	0.80
290020	32	3	0.91
290080	419	88	0.83
290140	478	361	0.57
290260	136	10	0.93
290320	41	10	0.80
290380	72	5	0.94
290410	18	30	0.38
290440	10	17	0.37
290530	132	36	0.79
290650	32	162	0.16
290770	1839	224	0.89
290890	318	64	0.83
291010	612	314	0.66
291070	48	11	0.81
291130	32	18	0.64
291190	104	22	0.83
29120	25	9	0.74
291250	63	39	0.62
291370	38	77	0.33
291430	18	3	0.86
291550	17034	2374	0.88
291610	8	5	0.62
291640	19	15	0.56
29180	461	69	0.87
291910	83	85	0.49
292030	30845	1008	0.97
292060	33	34	0.49
292090	12	3	0.80
292120	2807	1094	0.72
292180	341	169	0.67
292240	42	3	0.93
292300	7	5	0.58
292330	86	48	0.64
292390	112	22	0.84
292420	15	20	0.43
292480	82	45	0.65
292570	72	43	0.63
292600	230	16	0.93
292630	241	906	0.21
292660	33	9	0.79
292780	70	3	0.96
292840	15	2	0.88
292930	101	57	0.64
292990	18	5	0.78
293200	25	17	0.60
293260	1524	246	0.86
293320	97	123	0.44
293440	55	17	0.76
293500	1097	327	0.77
293680	385	43	0.90
293740	141	34	0.81
293860	174	109	0.61
293920	19	26	0.42
293980	3	0	1.00
294040	201	109	0.65
294100	6684	152	0.98
294160	310	59	0.84
294190	2	4	0.33
294280	9	9	0.50
294370	121	49	0.71
294460	63	13	0.83
294550	18	1	0.95
294580	10	4	0.71
294670	78	4	0.95
294700	14	5	0.74
294730	11	0	1.00
294790	15	11	0.58
295630	36	10	0.78
295690	515	52	0.91
295750	154	31	0.83
295870	38	20	0.66
295930	80	124	0.39
295990	12	55	0.18
296050	111	85	0.57
296470	2583	94	0.96
296530	20	37	0.35
296590	15	17	0.47
296650	23	10	0.70
296710	456	56	0.89
296770	201	168	0.54
296830	218	159	0.58
297070	5	4	0.56
297100	31	55	0.36
297130	1055	466	0.69
297310	70	22	0.76
297490	106	19	0.85
297760	100	23	0.81
298030	582	25	0.96
298180	107	1	0.99
298240	1712	1325	0.56
298300	1	7	0.12
298360	62	1	0.98
298420	3	2	0.60
298480	183	63	0.74
298630	6285	619	0.91
298840	8	1	0.89
298900	1185	1322	0.47
298930	82	19	0.81
2990	719	75	0.91
29900	115	40	0.74
299050	45	37	0.55
299110	80	14	0.85
299170	10	14	0.42
299260	50	84	0.37
299440	34	10	0.77
299500	84	64	0.57
299680	365	106	0.77
299740	4737	2042	0.70
299800	36	1	0.97
300040	189	270	0.41
300220	88	76	0.54
300280	38	13	0.75
300340	138	13	0.91
300400	51	11	0.82
300550	1958	157	0.93
300580	196	66	0.75
300610	42	65	0.39
300760	42	13	0.76
300820	20	29	0.41
300910	4	13	0.24
300970	147	146	0.50
301120	399	54	0.88
301150	60	10	0.86
301300	100	2	0.98
301360	29	33	0.47
301420	16	7	0.70
301540	31	32	0.49
301690	45	53	0.46
301750	94	146	0.39
301930	9	1	0.90
301990	15	9	0.62
3020	176	55	0.76
302080	198	101	0.66
302110	25	3	0.89
302170	8	11	0.42
302260	11	22	0.33
302290	5	0	1.00
302320	4	7	0.36
302350	29	2	0.94
302380	1960	64	0.97
302440	9	13	0.41
302470	15	7	0.68
302590	309	63	0.83
302650	22	9	0.71
302710	356	52	0.87
302830	3525	3214	0.52
302950	36	34	0.51
303310	93	0	1.00
303340	33	15	0.69
303430	289	22	0.93
303790	149	60	0.71
303820	13	44	0.23
303880	7	12	0.37
303910	7	5	0.58
303940	67	8	0.89
304150	5	17	0.23
304240	1876	239	0.89
304540	6	3	0.67
304750	0	9	0.00
304810	7	7	0.50
304930	5146	44	0.99
3050	26	10	0.72
305050	339	89	0.79
305260	709	350	0.67
305380	343	40	0.90
305500	27	19	0.59
305620	11159	717	0.94
305740	25	18	0.58
305800	38	19	0.67
305860	15	9	0.62
305920	152	20	0.88
305980	57	58	0.50
306040	327	106	0.76
306130	6671	2054	0.76
306490	20	24	0.45
306520	19	16	0.54
306550	131	26	0.83
306640	37	3	0.93
306670	54	163	0.25
306700	119	10	0.92
306760	831	113	0.88
307030	12	1	0.92
307090	118	40	0.75
307210	29	20	0.59
307270	15	14	0.52
307570	77	33	0.70
307600	29	16	0.64
307690	2347	338	0.87
307780	4267	3855	0.53
307900	9	2	0.82
307930	8	14	0.36
307960	329	144	0.70
307990	19	24	0.44
308080	26	5	0.84
308173	131	47	0.74
308320	4	17	0.19
308380	17	11	0.61
308440	31	3	0.91
308560	14	5	0.74
310060	189	41	0.82
310360	602	24	0.96
310390	36	4	0.90
310450	11	22	0.33
310510	415	94	0.82
310810	22	8	0.73
310990	4	2	0.67
311080	7	20	0.26
311140	49	48	0.51
311170	8	10	0.44
311560	933	184	0.84
311680	44	12	0.79
311770	67	29	0.70
311800	202	9	0.96
311860	36	10	0.78
31190	3	2	0.60
311980	11	44	0.20
312010	153	22	0.87
31220	195	12	0.94
312220	7	11	0.39
312280	535	217	0.71
312310	3	6	0.33
312370	235	57	0.80
312430	66	19	0.78
312610	338	38	0.90
312640	54	31	0.64
312790	65	38	0.63
31280	3282	593	0.85
312970	42	17	0.71
313120	5822	2008	0.74
313210	37	32	0.54
313330	7	16	0.30
313360	56	15	0.79
313480	104	10	0.91
313630	703	178	0.80
313660	24	13	0.65
313690	626	148	0.81
313870	21	18	0.54
313960	8	8	0.50
314020	1003	287	0.78
314200	50	19	0.72
314230	741	49	0.94
314290	18	14	0.56
314320	112	44	0.72
314380	98	72	0.58
314410	646	49	0.93
314470	68	11	0.86
314500	46	8	0.85
314530	9	8	0.53
314560	46	24	0.66
314590	26	5	0.84
314830	128	77	0.62
314950	9	9	0.50
314980	173	58	0.75
315070	9	35	0.20
315130	15	14	0.52
315340	48	17	0.74
315430	1397	398	0.78
315460	1275	67	0.95
315550	32	58	0.36
315610	17	4	0.81
315850	77	31	0.71
315940	19	11	0.63
316030	14	4	0.78
316180	38	20	0.66
316240	4	16	0.20
316390	587	1408	0.29
316420	9	2	0.82
316480	37	11	0.77
316600	159	11	0.94
316630	2	0	1.00
316660	41	9	0.82
316720	684	18	0.97
316750	23	66	0.26
316810	28	18	0.61
316840	33	10	0.77
316930	187	92	0.67
3170	146	14	0.91
31700	174	40	0.81
317020	13	3	0.81
317080	10	34	0.23
317110	239	138	0.63
317320	57	1	0.98
317380	11	4	0.73
317410	355	183	0.66
317440	47	33	0.59
317470	1084	508	0.68
317530	53	28	0.65
317620	270	97	0.74
317710	258	32	0.89
317950	16	17	0.48
318100	237	175	0.58
318130	476	13	0.97
31820	17	1	0.94
318220	628	513	0.55
318310	250	15	0.94
318430	1363	276	0.83
31850	18	1	0.95
31880	8	2	0.80
318970	144	8	0.95
31910	14	1	0.93
319150	211	187	0.53
319180	74	71	0.51
319210	6	10	0.38
319270	49	5	0.91
319300	11	1	0.92
319450	84	16	0.84
319480	250	28	0.90
319510	9781	1436	0.87
319570	51	133	0.28
319630	4222	44	0.99
319780	10	26	0.28
320	1778	216	0.89
32000	0	12	0.00
320110	22	14	0.61
320140	822	112	0.88
320320	53	17	0.76
320410	2	2	0.50
320590	120	57	0.68
320650	10	12	0.45
321190	47	4	0.92
32120	5	4	0.56
321310	1	6	0.14
321370	25	16	0.61
321400	317	112	0.74
321490	3	12	0.20
32150	180	0	1.00
321610	4	3	0.57
321880	5	0	1.00
321940	8	3	0.73
322210	279	29	0.91
322300	504	275	0.65
322330	17463	666	0.96
322540	19	26	0.42
322630	14	20	0.41
322900	115	55	0.68
322930	28	12	0.70
322990	10	18	0.36
3230	17	64	0.21
323020	2	1	0.67
32330	53	20	0.73
323320	2315	197	0.92
323380	645	46	0.93
323470	5614	819	0.87
32360	842	27	0.97
323620	0	6	0.00
323680	8	13	0.38
32390	169	106	0.61
324070	81	10	0.89
324160	470	4	0.99
324190	79	27	0.75
32420	46	122	0.27
324310	229	179	0.56
324400	3	5	0.38
32450	34	10	0.77
324610	12	97	0.11
324730	12	5	0.71
324760	48	68	0.41
325060	77	6	0.93
32510	223	32	0.87
325120	46	21	0.69
325150	53	6	0.90
325180	77	17	0.82
325210	145	45	0.76
325300	8	1	0.89
325420	268	107	0.71
325600	1132	1009	0.53
325630	80	64	0.56
325870	20	7	0.74
325930	71	12	0.86
3260	149	81	0.65
326110	5	3	0.62
326230	8	6	0.57
32630	46	6	0.88
326350	0	1	0.00
326380	13	1	0.93
326410	1073	249	0.81
326470	10	5	0.67
326590	20	11	0.65
32660	7	2	0.78
326650	2	22	0.08
326950	120	53	0.69
327010	27	60	0.31
327070	617	248	0.71
32720	7	4	0.64
327220	144	16	0.90
327310	143	27	0.84
327370	35	9	0.80
327400	93	11	0.89
327490	8	12	0.40
32750	24	6	0.80
327520	31	4	0.89
327640	351	189	0.65
327670	356	74	0.83
327880	272	25	0.92
327910	12	13	0.48
327940	7	2	0.78
328270	70	24	0.74
328450	13	7	0.65
328510	53	12	0.82
328600	90	53	0.63
328780	18	1	0.95
328870	9	10	0.47
328900	16	2	0.89
328930	6	0	1.00
328990	6	16	0.27
32900	45	31	0.59
329020	60	30	0.67
329050	897	100	0.90
329110	683	301	0.69
329200	81	35	0.70
329320	47	6	0.89
329380	210	100	0.68
329440	410	214	0.66
329620	8	4	0.67
329650	82	20	0.80
329680	4	3	0.57
329770	38	21	0.64
329830	430	142	0.75
329860	470	42	0.92
329980	10	1	0.91
330070	260	77	0.77
330100	84	16	0.84
330130	3	2	0.60
330160	14	1	0.93
330370	22	8	0.73
330460	91	26	0.78
330520	4	6	0.40
330580	417	76	0.85
330670	20	3	0.87
330760	197	138	0.59
330820	400	64	0.86
330880	5	3	0.62
33110	27	18	0.60
331120	17	3	0.85
331210	20	2	0.91
331390	56	10	0.85
331450	18	6	0.75
331510	37	6	0.86
331570	17	4	0.81
331600	904	231	0.80
331720	81	12	0.87
331750	18	3	0.86
3320	377	19	0.95
332200	1417	65	0.96
332260	11	2	0.85
33230	3190	897	0.78
332410	34	9	0.79
332500	2014	1119	0.64
332530	28	4	0.88
332620	55	20	0.73
332710	40	34	0.54
332800	5545	523	0.91
333100	8	9	0.47
333130	2	1	0.67
33320	189	92	0.67
333220	68	28	0.71
333340	47	32	0.59
333430	29	11	0.72
333490	8	2	0.80
33350	38	4	0.90
333580	10	1	0.91
333640	401	9	0.98
333760	38	7	0.84
333880	29	16	0.64
333970	58	14	0.81
334030	72	36	0.67
334120	228	254	0.47
334210	70	15	0.82
334270	24	16	0.60
334300	46	7	0.87
334420	31	19	0.62
334690	141	45	0.76
334840	31	3	0.91
334960	3	7	0.30
3350	25	4	0.86
335050	14	67	0.17
335080	18	10	0.64
335200	24	8	0.75
335320	25	14	0.64
335440	1	1	0.50
335740	7	11	0.39
335770	8	3	0.73
335830	112	63	0.64
335890	70	81	0.46
335920	90	9	0.91
335950	5	3	0.62
336010	13	8	0.62
336040	77	22	0.78
336130	94	6	0.94
336160	3	0	1.00
33620	70	16	0.81
336250	24	25	0.49
336280	26	10	0.72
33650	147	26	0.85
336520	53	127	0.29
336610	156	7	0.96
336670	116	205	0.36
336700	11	1	0.92
336730	7	4	0.64
336760	4	1	0.80
336790	64	19	0.77
33680	632	59	0.91
337000	4322	2440	0.64
337150	363	42	0.90
337180	30	15	0.67
337210	22	24	0.48
337270	116	16	0.88
337360	16	17	0.48
337420	33	29	0.53
337450	14	3	0.82
337630	56	35	0.62
33770	71	11	0.87
337720	52	1	0.98
337930	281	12	0.96
337960	44	10	0.81
3380	20	3	0.87
338050	62	48	0.56
338110	11	2	0.85
338140	78	25	0.76
338170	1343	169	0.89
338260	5	6	0.45
338320	129	44	0.75
338710	43	37	0.54
338800	80	15	0.84
338830	19	11	0.63
338890	21	5	0.81
338980	40	11	0.78
339040	28	6	0.82
339130	149	10	0.94
339160	79	17	0.82
339190	101	26	0.80
339280	1153	454	0.72
339340	401	65	0.86
339400	158	53	0.75
33950	69	30	0.70
339580	189	40	0.83
339610	1650	801	0.67
339640	36	22	0.62
339700	28	22	0.56
339790	119	14	0.89
33980	37	36	0.51
339820	4	12	0.25
339850	6	4	0.60
339910	100	12	0.89
340000	144	17	0.89
340030	1	22	0.04
34010	1641	352	0.82
340120	26	12	0.68
340150	646	95	0.87
340210	25	9	0.74
340270	99	27	0.79
340300	185	21	0.90
340330	14	3	0.82
340360	137	8	0.94
340390	20	1	0.95
340450	23	4	0.85
340480	7	4	0.64
340540	24	79	0.23
340570	4	5	0.44
340600	11	5	0.69
340630	21	53	0.28
340720	12	1	0.92
340810	240	155	0.61
340960	30	4	0.88
340990	7	1	0.88
3410	25	13	0.66
341020	65	22	0.75
341080	6	4	0.60
341260	5	2	0.71
341380	2	12	0.14
341440	17	26	0.40
341470	30	15	0.67
341530	45	7	0.87
341680	47	6	0.89
341710	48	19	0.72
341800	118	0	1.00
341860	81	43	0.65
34190	208	65	0.76
341950	77	17	0.82
341980	78	87	0.47
342100	20	2	0.91
342130	15	3	0.83
342250	1	0	1.00
342280	68	11	0.86
342490	86	21	0.80
342520	11	31	0.26
342550	97	40	0.71
342580	550	49	0.92
342610	104	6	0.95
342970	96	46	0.68
343000	13	14	0.48
343090	143	24	0.86
343120	24	12	0.67
343150	11	12	0.48
343180	9	29	0.24
343270	176	123	0.59
343360	24	36	0.40
343390	27	11	0.71
343570	13	2	0.87
343630	78	116	0.40
343690	4	10	0.29
343750	241	173	0.58
343810	20	1	0.95
343930	48	25	0.66
343990	6	8	0.43
3440	10	1	0.91
344230	40	13	0.75
344260	12	2	0.86
344410	70	31	0.69
344440	44	5	0.90
344500	71	35	0.67
344740	218	16	0.93
344770	296	4	0.99
344800	41	6	0.87
344890	23	11	0.68
345010	170	62	0.73
345130	15	6	0.71
345220	35	30	0.54
345280	23	29	0.44
345310	5	0	1.00
345340	7	2	0.78
345370	162	25	0.87
345430	42	4	0.91
345580	79	107	0.42
345610	303	15	0.95
345640	27	21	0.56
345700	24	21	0.53
345790	5	4	0.56
345820	500	19	0.96
346060	2	1	0.67
346090	28	2	0.93
346120	1444	267	0.84
346150	5	6	0.45
346180	310	86	0.78
346210	15	10	0.60
346240	11	8	0.58
346330	621	309	0.67
34640	3	1	0.75
346450	34	24	0.59
346510	20	2	0.91
346630	20	3	0.87
346780	28	2	0.93
346810	132	35	0.79
346900	11840	1610	0.88
347080	4	0	1.00
347170	42	21	0.67
347230	7	4	0.64
347260	6	3	0.67
347440	66	34	0.66
347470	34	1	0.97
347560	351	99	0.78
347620	128	22	0.85
347710	46	12	0.79
347830	976	80	0.92
34820	79	31	0.72
348250	638	14	0.98
348280	9	3	0.75
348340	22	14	0.61
348400	23	11	0.68
348430	19	0	1.00
348460	127	168	0.43
348490	78	15	0.84
348550	209	19	0.92
348670	188	158	0.54
348700	35	21	0.62
348730	9	16	0.36
348790	32	27	0.54
348820	42	4	0.91
348850	1	2	0.33
349060	6	6	0.50
349150	10	0	1.00
349240	6	1	0.86
349300	33	6	0.85
349450	12	12	0.50
349540	9	16	0.36
349690	14	1	0.93
349720	492	245	0.67
349780	3	1	0.75
349840	13	13	0.50
3500	3	3	0.50
35000	296	55	0.84
350020	51	31	0.62
350080	2011	256	0.89
350110	47	64	0.42
35030	6	5	0.55
350380	4	22	0.15
350500	31	29	0.52
350530	13	32	0.29
350620	28	2	0.93
350710	3	3	0.50
350740	322	10	0.97
350770	20	16	0.56
350800	1	5	0.17
351100	53	16	0.77
351250	94	13	0.88
351340	207	60	0.78
351400	12	16	0.43
351490	190	41	0.82
351640	3303	93	0.97
351700	273	6	0.98
351730	50	26	0.66
351790	210	95	0.69
351820	14	8	0.64
351910	85	56	0.60
351940	79	29	0.73
351970	1869	265	0.88
352030	20	4	0.83
352120	8	5	0.62
352210	7	2	0.78
352240	53	36	0.60
352360	29	7	0.81
352750	3	6	0.33
352780	89	7	0.93
352960	22	25	0.47
3530	14	4	0.78
35300	21	11	0.66
353110	17	6	0.74
353560	338	156	0.68
353890	44	12	0.79
353980	9	2	0.82
354040	9	0	1.00
354160	69	69	0.50
354280	7	2	0.78
354310	21	0	1.00
354400	135	1	0.99
354430	55	33	0.62
35450	9144	707	0.93
354640	82	222	0.27
354730	5	5	0.50
35480	329	96	0.77
354820	1	14	0.07
354910	2	3	0.40
354970	23	13	0.64
355000	71	18	0.80
355060	63	36	0.64
355090	2	0	1.00
355120	3	10	0.23
355150	151	136	0.53
355180	3750	810	0.82
355240	92	21	0.81
355270	134	25	0.84
355420	19	2	0.90
355510	2	3	0.40
355630	70	7	0.91
355810	14	10	0.58
355840	2285	2438	0.48
3560	33	2	0.94
35600	28	21	0.57
356050	219	90	0.71
356110	6	0	1.00
356170	6	1	0.86
356200	54	8	0.87
356260	32	6	0.84
356290	3	4	0.43
356380	19	14	0.58
356500	338	78	0.81
356530	87	8	0.92
356560	11	5	0.69
356710	3	0	1.00
356770	20	11	0.65
356800	7	9	0.44
356890	41	20	0.67
357010	17	4	0.81
357070	517	45	0.92
357280	70	36	0.66
357310	133	49	0.73
357340	328	39	0.89
357370	24	19	0.56
357490	8	1	0.89
357670	79	34	0.70
357700	17	3	0.85
357910	4	7	0.36
357940	56	14	0.80
358000	8	10	0.44
358030	23	1	0.96
358090	560	81	0.87
358180	23	3	0.88
358210	19	1	0.95
358270	38	7	0.84
358300	6	1	0.86
358330	7	4	0.64
358360	36	4	0.90
358390	11	2	0.85
358420	4	13	0.24
358750	231	45	0.84
358810	57	8	0.88
358840	5	18	0.22
358960	79	16	0.83
3590	3621	136	0.96
359050	9	0	1.00
359140	139	2	0.99
359230	166	64	0.72
359260	6	6	0.50
359320	8408	4176	0.67
359350	55	7	0.89
359440	42	11	0.79
359560	73	22	0.77
359620	3	4	0.43
359650	38	2	0.95
359800	257	151	0.63
359920	102	22	0.82
360010	35	5	0.88
360040	9	13	0.41
360130	16	12	0.57
360430	73	1206	0.06
360520	14	7	0.67
360550	99	10	0.91
360580	13	7	0.65
360640	398	54	0.88
360730	245	108	0.69
360760	55	66	0.45
360850	10	1	0.91
360880	14	3	0.82
360940	986	344	0.74
361300	421	83	0.84
361330	12	12	0.50
361360	53	8	0.87
361600	13	4	0.76
361630	640	125	0.84
361690	57	19	0.75
361930	15	3	0.83
361990	329	23	0.93
3620	114	12	0.90
362140	2	2	0.50
362290	26	6	0.81
362380	12	0	1.00
362410	26	6	0.81
362620	971	67	0.94
362680	1269	61	0.95
362740	9	3	0.75
362830	8	21	0.28
362860	34	8	0.81
362890	4165	267	0.94
362920	7	7	0.50
363070	8	1	0.89
363130	255	136	0.65
36320	2	2	0.50
363220	10	3	0.77
363430	12	14	0.46
363460	198	31	0.86
363490	95	154	0.38
363520	45	22	0.67
363580	6	0	1.00
363610	14	54	0.21
363670	10	2	0.83
363790	126	57	0.69
363940	19	13	0.59
363970	12581	1684	0.88
364060	12	4	0.75
364240	15	6	0.71
364270	100	22	0.82
364300	79	37	0.68
364360	10458	2651	0.80
364390	141	8	0.95
364420	1091	193	0.85
364450	100	66	0.60
364480	7	5	0.58
364510	42	3	0.93
364660	2	2	0.50
364690	83	241	0.26
364720	5	1	0.83
364750	4	1	0.80
364810	26	7	0.79
364840	17	2	0.89
364900	1	14	0.07
364930	172	10	0.95
365020	95	61	0.61
365050	95	82	0.54
365080	6	4	0.60
365110	5	5	0.50
365140	4	6	0.40
365200	4	10	0.29
365260	32	5	0.86
365320	41	16	0.72
365350	45	11	0.80
365440	8	4	0.67
365500	20	1	0.95
365560	34	20	0.63
365590	8709	5600	0.61
365620	10	9	0.53
365680	15	3	0.83
365770	195	46	0.81
365800	33	16	0.67
365860	24	5	0.83
365890	58	23	0.72
366010	14	3	0.82
366040	81	11	0.88
366100	1	0	1.00
366160	63	30	0.68
36620	366	169	0.68
366220	579	208	0.74
366250	161	26	0.86
366460	8	2	0.80
366550	12	0	1.00
366610	2	9	0.18
366670	6	1	0.86
366700	6	17	0.26
366760	94	50	0.65
366970	118	5	0.96
367000	134	22	0.86
367030	25	7	0.78
367060	5	4	0.56
367120	1083	151	0.88
367240	10	22	0.31
367270	500	129	0.79
367300	51	4	0.93
367450	633	82	0.89
367570	265	17	0.94
367600	337	170	0.66
367660	2	1	0.67
367780	36	14	0.72
368050	17	5	0.77
368140	17	4	0.81
368230	1950	355	0.85
368470	18	10	0.64
368500	1181	547	0.68
368590	84	46	0.65
368650	181	18	0.91
368680	50	1	0.98
368710	5	4	0.56
368740	57	23	0.71
368770	8	3	0.73
368800	11	1	0.92
368830	41	5	0.89
368860	135	168	0.45
368890	33	1	0.97
368950	609	36	0.94
368980	34	11	0.76
369040	33	22	0.60
369070	339	147	0.70
369100	12	28	0.30
369190	15	3	0.83
369310	10	1	0.91
369370	11	12	0.48
369400	434	110	0.80
369460	6	3	0.67
369550	92	8	0.92
369580	1478	156	0.90
369640	18	10	0.64
370060	23	8	0.74
370090	99	48	0.67
37010	35	25	0.58
370150	48	2	0.96
370240	1216	1318	0.48
370270	12	5	0.71
370300	32	2	0.94
370360	1306	30	0.98
370390	44	2	0.96
370480	47	2	0.96
370510	201	105	0.66
370540	72	2	0.97
370570	9	0	1.00
370600	14	21	0.40
370750	1	0	1.00
370780	6	6	0.50
370840	26	14	0.65
3710	278	42	0.87
37100	47	19	0.71
371200	705	140	0.83
371320	10	1	0.91
371410	0	4	0.00
371620	1	1	0.50
371710	4	11	0.27
371890	25	9	0.74
372160	2	8	0.20
372190	9	11	0.45
37220	17	0	1.00
372250	13	3	0.81
372430	6	6	0.50
372490	6	2	0.75
372670	3	7	0.30
37280	6	1	0.86
372820	32	34	0.48
372940	43	0	1.00
372970	18	4	0.82
37310	3	5	0.38
373120	9	6	0.60
373180	9	0	1.00
373240	44	21	0.68
373330	244	374	0.39
373360	45	19	0.70
373390	941	27	0.97
37340	6	0	1.00
373420	2243	279	0.89
373480	58	28	0.67
373600	18	2	0.90
373630	14	2	0.88
37370	1	1	0.50
373720	75	57	0.57
373750	88	14	0.86
373810	8	5	0.62
373870	12	6	0.67
373990	18	0	1.00
37400	341	64	0.84
374080	1	0	1.00
374140	3	1	0.75
374170	12	4	0.75
374230	5	2	0.71
374320	14356	2468	0.85
374380	23	10	0.70
374680	4	4	0.50
374830	34	5	0.87
374950	23	33	0.41
375010	18	10	0.64
375040	10	10	0.50
375130	176	5	0.97
375190	10	3	0.77
375220	33	57	0.37
375250	56	9	0.86
375310	21	2	0.91
375400	97	36	0.73
375430	5	2	0.71
375460	61	264	0.19
375520	17	10	0.63
375550	17	1	0.94
375580	14	4	0.78
375760	7	7	0.50
375790	11	4	0.73
375820	759	64	0.92
375850	11	18	0.38
375910	595	432	0.58
376120	3	12	0.20
376150	7	8	0.47
376210	1754	902	0.66
376240	15	1	0.94
376300	811	47	0.95
376450	19	2	0.90
376480	9	0	1.00
376570	1462	355	0.80
376750	6	7	0.46
376780	6	2	0.75
376870	2306	800	0.74
37700	85	31	0.73
377080	161	10	0.94
377140	176	93	0.65
377200	6	1	0.86
377290	9	15	0.38
377500	16	3	0.84
377530	159	31	0.84
377590	2	1	0.67
377680	158	44	0.78
377710	37	3	0.93
377860	299	8	0.97
377980	11	15	0.42
378070	34	8	0.81
378100	35	60	0.37
378370	333	197	0.63
378490	15	11	0.58
378580	46	16	0.74
378610	278	15	0.95
378700	13	7	0.65
378850	54	4	0.93
379210	104	12	0.90
379390	7	1	0.88
379420	45	2	0.96
379600	15	6	0.71
379720	18929	1753	0.92
379870	30	38	0.44
379960	37	25	0.60
379990	7	21	0.25
380	2018	112	0.95
3800	148	39	0.79
38000	8	0	1.00
380020	23	22	0.51
380080	12	9	0.57
380140	116	22	0.84
380560	11	6	0.65
380770	95	65	0.59
380860	21	2	0.91
380950	9	2	0.82
381010	23	9	0.72
381100	74	13	0.85
381130	4	17	0.19
38120	3	1	0.75
381220	30	18	0.62
38150	4	1	0.80
381610	22	2	0.92
381640	7	8	0.47
38180	1	0	1.00
381850	8	3	0.73
381880	30	3	0.91
381910	14	3	0.82
381940	520	98	0.84
382090	70	14	0.83
38210	122	34	0.78
382120	63	40	0.61
382180	26	9	0.74
382270	5	1	0.83
382300	92	84	0.52
382420	54	32	0.63
382480	46	18	0.72
382570	33	21	0.61
382900	347	106	0.77
3830	4337	173	0.96
383020	4	4	0.50
383080	5412	1012	0.84
383230	595	84	0.88
383530	4	4	0.50
383560	32	36	0.47
383590	6	6	0.50
383620	4	6	0.40
383710	8	4	0.67
383800	35	22	0.61
383950	11	4	0.73
383980	1910	216	0.90
384010	4	4	0.50
384100	19	5	0.79
384190	2432	174	0.93
38420	368	60	0.86
384280	57	2	0.97
384310	86	23	0.79
384400	55	19	0.74
38450	58	15	0.79
384550	117	46	0.72
384700	4	1	0.80
384910	8	4	0.67
384940	14	1	0.93
385030	7	2	0.78
385060	17	4	0.81
385240	427	76	0.85
385270	286	121	0.70
385330	254	24	0.91
385390	1	11	0.08
385600	9	13	0.41
385630	5	14	0.26
385690	12	0	1.00
385810	4	1	0.80
385840	4	0	1.00
385900	4	4	0.50
385960	1	8	0.11
38600	1232	109	0.92
386050	27	5	0.84
386080	54	8	0.87
386140	14	5	0.74
386260	71	71	0.50
386290	19	10	0.66
386320	17	26	0.40
386350	48	6	0.89
386560	52	7	0.88
386590	111	38	0.74
386650	56	23	0.71
386710	8	5	0.62
386740	12	4	0.75
387010	52	18	0.74
387070	13	38	0.25
387130	6	4	0.60
38720	398	56	0.88
387280	19	3	0.86
387340	615	53	0.92
387370	147	58	0.72
387400	3	4	0.43
387430	16	7	0.70
387850	20	5	0.80
387880	13	7	0.65
387970	205	220	0.48
388060	111	69	0.62
388090	4016	310	0.93
388120	15	27	0.36
388210	721	10	0.99
388270	8	2	0.80
388300	6	11	0.35
388360	34	11	0.76
388390	5	22	0.19
388420	75	10	0.88
388450	37	0	1.00
388540	2	1	0.67
388660	7	3	0.70
388720	17	3	0.85
388750	418	16	0.96
388900	59	14	0.81
389050	72	12	0.86
389170	11	5	0.69
389200	4	1	0.80
389470	4	2	0.67
389530	21	63	0.25
389650	62	3	0.95
389680	1	3	0.25
389740	4	13	0.24
390220	15	12	0.56
390310	32	16	0.67
390340	120	217	0.36
390460	6	4	0.60
390520	451	74	0.86
390670	859	404	0.68
390730	86	5	0.95
390880	25	22	0.53
390910	40	14	0.74
390940	7	0	1.00
390970	42	67	0.39
391000	5	0	1.00
391030	4	1	0.80
39110	66	18	0.79
391120	16	8	0.67
391180	11	1	0.92
391210	6	0	1.00
391240	18	4	0.82
391270	1581	347	0.82
391390	8	1	0.89
39140	5553	449	0.93
391420	120	44	0.73
391540	49851	2067	0.96
391630	11	5	0.69
391660	16	4	0.80
391720	2850	233	0.92
391780	128	101	0.56
391960	9	3	0.75
3920	1338	62	0.96
392020	87	4	0.96
392080	54	20	0.73
392110	299	72	0.81
392230	6	3	0.67
392260	49	14	0.78
392410	69	16	0.81
392470	238	48	0.83
392620	11	2	0.85
392680	22	7	0.76
392920	25	6	0.81
392950	1148	138	0.89
393340	1	3	0.25
393430	51	5	0.91
393460	10	1	0.91
393610	40	6	0.87
393790	23	3	0.88
393820	8	18	0.31
394030	15	0	1.00
394120	92	104	0.47
394360	3625	909	0.80
394390	12	2	0.86
394450	110	75	0.59
394480	4	7	0.36
394510	2408	262	0.90
394540	77	22	0.78
394600	57	16	0.78
394690	1260	232	0.84
394720	7	7	0.50
394840	12	21	0.36
394870	113	41	0.73
394990	1	2	0.33
39500	406	178	0.70
395140	30	0	1.00
395170	325	23	0.93
395200	316	84	0.79
39530	35	2	0.95
395350	135	78	0.63
395380	14	6	0.70
395470	9	1	0.90
395500	118	10	0.92
395560	5	13	0.28
39560	25	57	0.30
395620	28	5	0.85
395860	31	4	0.89
395890	3	3	0.50
395920	11	2	0.85
395980	52	79	0.40
396010	2	1	0.67
396160	88	140	0.39
396310	129	20	0.87
396400	20	8	0.71
39650	180	87	0.67
396610	0	6	0.00
396640	175	14	0.93
396790	140	50	0.74
39680	625	145	0.81
396820	2	2	0.50
396850	9	18	0.33
397060	755	161	0.82
397090	13	2	0.87
397150	64	17	0.79
397180	12	4	0.75
397210	36	13	0.73
397240	6	1	0.86
397270	229	21	0.92
397330	26	3	0.90
397360	0	6	0.00
397390	72	25	0.74
397420	7	11	0.39
397570	76	11	0.87
397690	121	24	0.83
397720	7	4	0.64
397750	21	3	0.88
397780	70	12	0.85
397810	5	6	0.45
397840	15	4	0.79
397870	14	7	0.67
397960	5	2	0.71
397990	24	4	0.86
3980	89	23	0.79
39800	828	94	0.90
398020	7	7	0.50
398110	6	7	0.46
398170	129	31	0.81
398530	5	2	0.71
398620	8	2	0.80
398680	141	78	0.64
398710	1029	106	0.91
398830	4	5	0.44
398920	8	2	0.80
398980	60	5	0.92
399040	35	7	0.83
399070	161	23	0.88
399100	9	17	0.35
399130	5	14	0.26
399430	69	36	0.66
399520	121	32	0.79
399580	51	87	0.37
399640	192	9	0.96
399670	1008	141	0.88
399700	19	10	0.66
399790	90	164	0.35
399820	214	61	0.78
399910	26	1	0.96
400030	42	47	0.47
400180	72	17	0.81
400360	7	5	0.58
400450	116	15	0.89
400510	47	29	0.62
400630	135	0	1.00
400660	181	15	0.92
40100	2123	457	0.82
401170	3	0	1.00
401200	5	0	1.00
401290	14	3	0.82
401560	3	4	0.43
401680	294	19	0.94
401890	42	23	0.65
402040	95	34	0.74
402160	117	59	0.66
402190	3	7	0.30
402220	20	19	0.51
402280	3	2	0.60
402310	163	24	0.87
402340	21	0	1.00
402430	172	25	0.87
402850	13	12	0.52
402880	65	25	0.72
403120	33	15	0.69
403180	66	8	0.89
403270	15	0	1.00
403300	3	4	0.43
403390	7	3	0.70
40340	18	9	0.67
403510	28	8	0.78
403570	61	41	0.60
403660	13	12	0.52
403690	137	84	0.62
403780	11	0	1.00
403900	39	60	0.39
40400	618	83	0.88
404020	14	4	0.78
404050	10	0	1.00
404080	55	78	0.41
404410	1899	168	0.92
404620	352	106	0.77
404770	111	56	0.66
404860	10	3	0.77
405010	24	3	0.89
405040	13	24	0.35
405070	0	4	0.00
405310	303	89	0.77
405370	104	43	0.71
405550	18	3	0.86
405610	19	27	0.41
405640	3125	139	0.96
405670	23	2	0.92
405760	4	0	1.00
405820	669	22	0.97
405970	63	5	0.93
406090	11	7	0.61
406120	4	2	0.67
406150	1591	74	0.96
406300	5	1	0.83
406690	3	0	1.00
406720	41	29	0.59
406870	96	3	0.97
406930	8	12	0.40
40700	1574	97	0.94
407020	28	9	0.76
407230	99	25	0.80
407290	34	14	0.71
407320	9	2	0.82
407380	22	0	1.00
407530	1734	1203	0.59
407620	43	32	0.57
407680	27	22	0.55
407830	3	4	0.43
407980	64	28	0.70
408250	29	11	0.72
408280	186	32	0.85
408340	12	1	0.92
408400	33	7	0.82
408640	47	22	0.68
408760	37	37	0.50
409000	65	29	0.69
409090	28	4	0.88
409360	12	4	0.75
409390	23	12	0.66
409420	1	4	0.20
409450	108	18	0.86
409510	202	420	0.32
409600	8	8	0.50
409630	9	9	0.50
409660	248	17	0.94
409690	220	19	0.92
40970	798	51	0.94
409720	318	535	0.37
409870	76	3	0.96
4100	2	4	0.33
41000	1036	83	0.93
410050	3	2	0.60
410110	298	90	0.77
410290	22	7	0.76
410320	1336	46	0.97
410380	597	192	0.76
410440	14	2	0.88
410470	8	1	0.89
410590	34	81	0.30
41060	121	9	0.93
410770	6	1	0.86
410890	124	2	0.98
410980	127	1	0.99
411130	3	2	0.60
411310	12	3	0.80
411370	262	27	0.91
411550	3	1	0.75
411760	36	8	0.82
411820	106	2	0.98
412150	10	1	0.91
412270	25	6	0.81
412450	404	276	0.59
412480	7	0	1.00
412540	2	3	0.40
412600	23	39	0.37
412660	28	1	0.97
412720	679	181	0.79
412930	2	0	1.00
41300	720	54	0.93
413110	103	51	0.67
413410	1504	33	0.98
413470	2	0	1.00
413500	41	2	0.95
413680	37	14	0.73
413710	239	132	0.64
413740	10	6	0.62
413830	9	1	0.90
414070	37	24	0.61
414130	118	82	0.59
414190	97	9	0.92
414370	27	1	0.96
414580	19	46	0.29
414730	130	97	0.57
415000	25	0	1.00
415030	116	33	0.78
415150	14	0	1.00
415240	59	11	0.84
415270	386	132	0.75
415330	2	0	1.00
415420	211	21	0.91
415480	27	3	0.90
415840	17	8	0.68
415900	3	0	1.00
415960	23	4	0.85
415990	18	2	0.90
41600	22	22	0.50
416080	53	24	0.69
416110	34	5	0.87
416140	6	4	0.60
416170	24	42	0.36
416200	3	0	1.00
416260	10	24	0.29
416290	11	10	0.52
416320	11	2	0.85
416350	6	10	0.38
416380	16	6	0.73
416530	14	0	1.00
416590	340	66	0.84
41660	2	5	0.29
416680	198	18	0.92
416770	212	18	0.92
416800	22	7	0.76
417430	11	2	0.85
417880	238	88	0.73
417910	126	112	0.53
418030	510	138	0.79
418120	104	23	0.82
418150	59	7	0.89
418180	181	81	0.69
418210	8	1	0.89
418240	782	12	0.98
418300	92	16	0.85
418360	24	1	0.96
418960	0	9	0.00
41900	292	72	0.80
419080	16	9	0.64
419500	11	3	0.79
419590	14	2	0.88
420070	34	18	0.65
420100	17	0	1.00
420160	7	2	0.78
420550	41	8	0.84
420670	1	5	0.17
420790	332	96	0.78
420850	26	7	0.79
420880	35	84	0.29
420910	18	22	0.45
420970	1	2	0.33
421030	61	12	0.84
421060	25	21	0.54
421120	319	14	0.96
42140	67	40	0.63
421600	17	9	0.65
421630	81	2	0.98
421660	82	4	0.95
42170	202	161	0.56
421810	162	37	0.81
421900	9	7	0.56
421960	163	138	0.54
42200	17	3	0.85
422020	18	7	0.72
42230	10	4	0.71
422650	22	3	0.88
422860	40	5	0.89
422920	8	0	1.00
422980	18	2	0.90
423220	6	0	1.00
423460	5	7	0.42
423490	48	9	0.84
423580	327	81	0.80
423610	25	8	0.76
423700	15	20	0.43
423730	2	0	1.00
423760	30	9	0.77
423880	2059	226	0.90
424000	5	12	0.29
424060	5	6	0.45
424210	10	2	0.83
424780	16	40	0.29
424870	3	0	1.00
42500	127	82	0.61
425230	11	3	0.79
425410	60	11	0.85
425860	4	2	0.67
426010	12	27	0.31
426040	12	7	0.63
42650	738	80	0.90
426610	3	2	0.60
426790	401	39	0.91
42680	4136	1061	0.80
426970	50	49	0.51
427030	90	10	0.90
427240	193	19	0.91
427270	1077	722	0.60
427480	4	7	0.36
427510	76	20	0.79
427570	36	9	0.80
427660	57	28	0.67
427780	50	29	0.63
427810	104	39	0.73
427930	21	12	0.64
428020	2	1	0.67
428110	8	4	0.67
428200	16	4	0.80
428230	2	0	1.00
428260	3	5	0.38
428350	30	10	0.75
428410	6	3	0.67
428440	75	31	0.71
428530	11	3	0.79
428590	5	3	0.62
428740	1	3	0.25
428800	14	30	0.32
428830	12	2	0.86
42890	243	20	0.92
428920	2	0	1.00
428950	62	49	0.56
429040	7	3	0.70
429160	8	5	0.62
42920	21	34	0.38
429220	11	4	0.73
429250	11	2	0.85
429280	13	3	0.81
429430	7	3	0.70
429490	55	26	0.68
42950	5	2	0.71
429520	1	0	1.00
429580	56	57	0.50
429610	37	10	0.79
429700	31	24	0.56
429790	943	482	0.66
42980	38	16	0.70
429940	266	22	0.92
430300	6	1	0.86
430930	5	0	1.00
430960	267	11	0.96
43100	58	15	0.79
431230	32	14	0.70
431260	71	23	0.76
431290	9	7	0.56
431410	13	0	1.00
431470	0	1	0.00
431500	102	110	0.48
431560	27	28	0.49
431590	30	4	0.88
431680	5	4	0.56
431710	82	11	0.88
431740	5	3	0.62
431770	41	1	0.98
431860	4	2	0.67
43190	197	29	0.87
432010	186	34	0.85
432100	108	15	0.88
432190	32	4	0.89
432250	51	10	0.84
432280	18	3	0.86
432310	7	10	0.41
432370	22	4	0.85
432490	9	3	0.75
432610	3	3	0.50
432640	3	7	0.30
432760	2	0	1.00
432940	22	2	0.92
433000	63	5	0.93
433120	3	2	0.60
433210	4	16	0.20
433300	79	72	0.52
433360	4	1	0.80
433450	17	1	0.94
433480	3	0	1.00
433600	103	14	0.88
433630	20	6	0.77
433660	8	0	1.00
433750	15	12	0.56
433840	21	5	0.81
433930	4	2	0.67
433960	4	0	1.00
434020	80	17	0.82
434050	151	39	0.79
434110	140	183	0.43
434170	194	11	0.95
434230	7	1	0.88
434260	820	202	0.80
434290	54	17	0.76
434380	37	66	0.36
434500	14	5	0.74
434530	19	3	0.86
434620	62	22	0.74
434650	305	64	0.83
434680	32	26	0.55
434740	26	7	0.79
434800	4	7	0.36
434890	11	4	0.73
434920	5	3	0.62
435010	0	2	0.00
435040	12	2	0.86
435070	2	7	0.22
435460	28	3	0.90
435490	108	5	0.96
435790	34	2	0.94
435970	15	0	1.00
436000	38	13	0.75
436060	8	3	0.73
436150	346	223	0.61
436270	9	5	0.64
436300	6	14	0.30
436360	14	0	1.00
436390	21	2	0.91
436480	12	1	0.92
436510	3	0	1.00
436870	14	3	0.82
437020	13	0	1.00
437170	7	2	0.78
437530	34	9	0.79
437710	4	1	0.80
437740	6	10	0.38
437890	14	1	0.93
437920	84	20	0.81
438010	8	10	0.44
438040	487	196	0.71
438130	63	2	0.97
438160	5	0	1.00
438310	5	12	0.29
438340	27	18	0.60
438430	34	16	0.68
438490	708	69	0.91
438640	459	94	0.83
438730	11	5	0.69
438790	0	60	0.00
438820	22	4	0.85
439720	41	17	0.71
439750	20	3	0.87
439930	19	13	0.59
439960	7	3	0.70
440	10737	1483	0.88
440020	29	32	0.48
440260	30	2	0.94
440380	3	2	0.60
440410	8	2	0.80
440470	5	9	0.36
440650	203	15	0.93
440740	43	56	0.43
441250	13	2	0.87
441550	115	33	0.78
441670	24	4	0.86
441790	215	177	0.55
442000	1	16	0.06
442210	196	12	0.94
442810	74	64	0.54
443020	29	6	0.83
443080	86	73	0.54
443380	28	2	0.93
443530	0	10	0.00
44360	52	16	0.76
443650	24	4	0.86
443680	6	2	0.75
443800	22	6	0.79
443830	9	6	0.60
443980	18	9	0.67
444130	30	4	0.88
444160	27	25	0.52
444220	97	39	0.71
444250	282	214	0.57
444280	21	5	0.81
444430	4	4	0.50
444460	6	30	0.17
444520	5	2	0.71
444550	20	4	0.83
444580	30	29	0.51
444640	1297	355	0.79
444670	27	5	0.84
444790	8	20	0.29
444880	22	10	0.69
444940	54	4	0.93
444970	21	3	0.88
445210	10	1	0.91
445420	26	3	0.90
445600	35	6	0.85
445720	63	76	0.45
445750	33	4	0.89
445840	4	5	0.44
4460	24	21	0.53
44600	11	11	0.50
446020	841	153	0.85
446050	1	0	1.00
446380	108	11	0.91
446440	0	7	0.00
446470	5	13	0.28
446560	63	8	0.89
446590	17	6	0.74
446620	266	19	0.93
446770	65	11	0.86
446800	800	288	0.74
446830	15	0	1.00
44690	82	10	0.89
447010	13	1	0.93
447040	2041	534	0.79
447100	10	7	0.59
447190	36	8	0.82
447310	19	7	0.73
447820	1378	226	0.86
447850	49	70	0.41
447880	39	55	0.41
447940	0	20	0.00
447970	9	1	0.90
448000	41	28	0.59
448060	4	15	0.21
448090	11	6	0.65
448240	115	43	0.73
448300	3	1	0.75
448390	6	2	0.75
448510	757	50	0.94
448540	30	13	0.70
448570	48	21	0.70
448630	11	19	0.37
448660	36	34	0.51
448750	13	3	0.81
448780	12	4	0.75
449020	230	28	0.89
449050	126	143	0.47
449140	888	124	0.88
449170	6	2	0.75
449200	18	21	0.46
449320	8	2	0.80
449350	4	0	1.00
449440	26	5	0.84
449470	109	45	0.71
449530	33	9	0.79
449560	1	0	1.00
449680	194	87	0.69
449710	102	50	0.67
449800	866	213	0.80
449830	283	6	0.98
450040	6	8	0.43
450190	19	6	0.76
450220	327	15	0.96
450250	6	3	0.67
450670	70	17	0.80
450700	34	7	0.83
450850	1	9	0.10
451000	32	6	0.84
451210	1	3	0.25
451540	3	0	1.00
451570	47	5	0.90
451600	35	3	0.92
451660	3	7	0.30
451780	83	18	0.82
451840	394	33	0.92
451870	7	4	0.64
451900	11	6	0.65
451960	15	4	0.79
451990	12	0	1.00
4520	42	28	0.60
452230	46	29	0.61
452320	9	5	0.64
452440	54	1	0.98
452650	3	12	0.20
452710	94	24	0.80
452860	31	2	0.94
452920	11	0	1.00
452950	1	4	0.20
453100	23	4	0.85
453340	309	8	0.97
453670	5	18	0.22
453700	5	0	1.00
453790	50	14	0.78
453820	5	34	0.13
453850	31	35	0.47
453880	1	0	1.00
454030	23	7	0.77
454060	397	84	0.83
45410	42	45	0.48
454150	33	40	0.45
454180	32	19	0.63
454420	7	0	1.00
454510	41	6	0.87
454540	92	121	0.43
454570	22	12	0.65
454600	53	98	0.35
454690	11	8	0.58
454720	8	2	0.80
454780	3	0	1.00
454870	8	4	0.67
454900	21	4	0.84
454930	27	131	0.17
45500	111	37	0.75
455080	3	0	1.00
455110	8	4	0.67
455200	6	2	0.75
455230	7	0	1.00
455290	3	0	1.00
455440	142	43	0.77
455590	11	1	0.92
455710	0	6	0.00
455770	6	0	1.00
455830	5	1	0.83
455980	106	18	0.85
456130	8	0	1.00
456160	1	1	0.50
456430	51	9	0.85
456610	185	237	0.44
45710	106	130	0.45
457210	208	6	0.97
457330	349	480	0.42
45740	907	362	0.71
457450	6	3	0.67
457480	26	3	0.90
457600	34	11	0.76
457660	9	4	0.69
457690	5	16	0.24
45770	517	128	0.80
457810	4	5	0.44
457870	3	1	0.75
457960	406	27	0.94
4580	1014	44	0.96
458110	6	1	0.86
458230	1	1	0.50
458290	9	4	0.69
458380	19	2	0.90
458470	64	5	0.93
458560	26	56	0.32
458590	81	40	0.67
458710	297	14	0.95
458830	55	21	0.72
458890	22	23	0.49
458920	20	3	0.87
459010	147	16	0.90
459040	3	1	0.75
459100	6	19	0.24
459130	12	6	0.67
459160	35	31	0.53
459310	54	28	0.66
459520	8	0	1.00
459550	33	9	0.79
459580	9	0	1.00
459820	1018	149	0.87
459910	14	52	0.21
459940	85	34	0.71
460120	635	27	0.96
460150	16	6	0.73
460630	10	0	1.00
460780	46	2	0.96
460960	38	2	0.95
460990	13	7	0.65
461140	53	40	0.57
461230	74	7	0.91
461380	7	4	0.64
461410	22	4	0.85
461500	16	5	0.76
461560	2037	103	0.95
461620	114	11	0.91
461650	7	3	0.70
461680	17	21	0.45
461710	12	1	0.92
461830	5	0	1.00
461860	6	3	0.67
461890	48	40	0.55
462070	1	5	0.17
462100	77	8	0.91
462130	5	1	0.83
462220	11	5	0.69
462370	0	10	0.00
46250	48	17	0.74
462520	13	1	0.93
462730	16	11	0.59
46280	9	21	0.30
462910	30	10	0.75
463000	2	3	0.40
463030	40	17	0.70
463150	66	6	0.92
463180	26	8	0.76
463210	122	23	0.84
463240	19	4	0.83
463270	271	21	0.93
46340	18	17	0.51
463450	4	0	1.00
46370	66	80	0.45
463870	9	1	0.90
463930	61	0	1.00
46400	43	80	0.35
464050	18	6	0.75
464080	6	3	0.67
464170	5	8	0.38
464230	21	4	0.84
464440	20	8	0.71
464470	72	12	0.86
464620	244	9	0.96
464800	17	23	0.42
464830	29	11	0.72
46490	43	49	0.47
465070	5	0	1.00
465130	7	2	0.78
465190	11	8	0.58
46520	70	52	0.57
465310	15	3	0.83
465430	59	3	0.95
465490	101	18	0.85
46550	29	41	0.41
465520	332	29	0.92
465670	12	1	0.92
466000	2	0	1.00
466060	2	0	1.00
466210	2	3	0.40
466240	78	22	0.78
466270	179	8	0.96
466420	20	11	0.65
466660	56	5	0.92
466720	27	2	0.93
466780	7	6	0.54
466870	55	10	0.85
466900	4	0	1.00
46700	7	15	0.32
467170	5	0	1.00
467290	6	0	1.00
46730	7	20	0.26
467320	25	2	0.93
467380	232	8	0.97
467530	25	4	0.86
467560	1	9	0.10
46760	1	6	0.14
467890	12	4	0.75
46790	9	8	0.53
467950	17	5	0.77
468160	6	3	0.67
468310	13	2	0.87
468490	54	9	0.86
46850	19	11	0.63
468700	176	65	0.73
468820	77	7	0.92
469930	7	8	0.47
469990	404	29	0.93
47000	241	55	0.81
470140	4	2	0.67
470260	274	58	0.83
470440	35	1	0.97
470590	21	2	0.91
470740	29	3	0.91
471160	12	1	0.92
47120	2	0	1.00
471640	5	1	0.83
471730	8	1	0.89
471910	3	10	0.23
472060	61	15	0.80
472690	8	6	0.57
472870	41	0	1.00
473050	0	1	0.00
473140	16	6	0.73
473470	13	9	0.59
473560	70	44	0.61
473710	0	3	0.00
473770	355	34	0.91
473800	9	7	0.56
474010	57	10	0.85
474790	18	41	0.31
474820	41	29	0.59
474910	14	12	0.54
475060	3	4	0.43
475150	1027	94	0.92
475240	61	10	0.86
47540	165	36	0.82
475630	140	110	0.56
47570	1	0	1.00
475960	10	0	1.00
475990	25	31	0.45
4760	3285	175	0.95
476020	6	0	1.00
476410	12	0	1.00
476530	101	10	0.91
476650	48	1	0.98
476710	7	3	0.70
476920	5	8	0.38
477010	1	2	0.33
477130	117	5	0.96
477160	354	38	0.90
477310	23	0	1.00
477730	23	10	0.70
47780	2607	162	0.94
477910	1	0	1.00
478000	3	2	0.60
47810	5310	348	0.94
478210	8	7	0.53
47870	1668	565	0.75
478960	5	3	0.62
479110	9	1	0.90
479170	1	27	0.04
479260	4	12	0.25
480430	156	32	0.83
48110	194	270	0.42
481180	35	2	0.95
481420	11	10	0.52
481870	43	10	0.81
482890	15	15	0.50
482920	65	96	0.40
483820	2	0	1.00
483850	8	1	0.89
483970	34	5	0.87
484870	353	24	0.94
484930	1	0	1.00
4850	228	22	0.91
485080	8	4	0.67
485110	11	2	0.85
485230	37	15	0.71
485260	7	1	0.88
485350	15	1	0.94
485380	591	131	0.82
485410	4	9	0.31
485440	3	10	0.23
485560	10	4	0.71
485590	4	4	0.50
485620	17	4	0.81
485650	107	126	0.46
485740	31	4	0.89
485800	24	5	0.83
485860	34	12	0.74
485890	140	181	0.44
485950	6	13	0.32
486160	5	5	0.50
486310	498	64	0.89
486640	5	6	0.45
486850	2	1	0.67
486880	7	3	0.70
487030	10	4	0.71
487180	12	5	0.71
487270	8	5	0.62
487330	25	4	0.86
487420	0	2	0.00
487600	13	3	0.81
487630	3	2	0.60
4880	37	12	0.76
48800	286	320	0.47
488200	16	11	0.59
488440	266	152	0.64
488590	25	2	0.93
488680	9	4	0.69
488770	47	4	0.92
488890	6	3	0.67
488950	2	0	1.00
489070	11	6	0.65
489220	33	22	0.60
489460	199	28	0.88
48950	242	42	0.85
489520	358	102	0.78
489580	13	3	0.81
489610	64	8	0.89
489700	4	5	0.44
489730	1	1	0.50
489760	19	0	1.00
490300	2	2	0.50
490390	11	3	0.79
490870	2	1	0.67
490990	9	7	0.56
491080	26	34	0.43
491170	7	10	0.41
491260	44	23	0.66
491470	8	2	0.80
491530	30	19	0.61
491650	4	7	0.36
491830	13	1	0.93
491950	1068	69	0.94
492130	38	3	0.93
492220	30	8	0.79
492340	45	3	0.94
492370	21	3	0.88
492400	1	1	0.50
492430	25	3	0.89
492490	7	18	0.28
492610	2	2	0.50
492850	7	2	0.78
493060	26	2	0.93
493450	4	3	0.57
493720	47	14	0.77
493780	2	1	0.67
493810	16	4	0.80
494230	33	6	0.85
494290	7	6	0.54
494350	7	5	0.58
494380	1	1	0.50
494440	4	6	0.40
494470	16	3	0.84
494740	10	8	0.56
494830	8	2	0.80
495010	4	1	0.80
49520	19549	1757	0.92
495580	52	13	0.80
495700	9	0	1.00
495910	517	93	0.85
496000	2	0	1.00
496030	1	0	1.00
496180	14	2	0.88
496240	869	69	0.93
496300	694	64	0.92
496390	6	2	0.75
496600	6	11	0.35
496630	26	4	0.87
496750	8	21	0.28
496810	197	44	0.82
496870	10	2	0.83
496930	1	0	1.00
497050	9	7	0.56
497080	5	0	1.00
497260	10	7	0.59
497350	11	22	0.33
497470	6	8	0.43
497590	1	2	0.33
497680	23	6	0.79
497800	15	0	1.00
497860	30	15	0.67
498040	6	12	0.33
498190	34	7	0.83
498280	2	10	0.17
498340	17	1	0.94
498580	15	5	0.75
498940	1	1	0.50
498970	20	5	0.80
499120	2	0	1.00
499330	7	2	0.78
499420	3	6	0.33
499540	36	3	0.92
499900	3	1	0.75
499960	3	3	0.50
50	1678	65	0.96
500	4416	290	0.94
50000	114	6	0.95
500140	2	3	0.40
500380	6	4	0.60
500470	22	2	0.92
500500	86	11	0.89
500590	16	3	0.84
500680	6	0	1.00
500980	6	5	0.55
501190	69	17	0.80
501220	10	0	1.00
501430	8	2	0.80
501880	2	7	0.22
501970	20	4	0.83
502090	2	4	0.33
502150	11	1	0.92
502240	16	8	0.67
502300	19	1	0.95
502420	3	11	0.21
502750	65	3	0.96
50300	11041	792	0.93
503350	142	25	0.85
503410	7	4	0.64
503530	20	14	0.59
503680	3	2	0.60
503710	7	3	0.70
503830	4	5	0.44
503860	15	1	0.94
503980	6	0	1.00
504100	6	5	0.55
504130	95	29	0.77
504310	38	2	0.95
504370	6922	442	0.94
504400	25	2	0.93
504490	23	48	0.32
504670	5	2	0.71
504700	13	0	1.00
504790	1	0	1.00
504850	6	1	0.86
504880	7	2	0.78
50510	36	46	0.44
505210	20	10	0.67
505660	14	1	0.93
505750	170	129	0.57
506140	307	123	0.71
506470	3	0	1.00
506500	24	4	0.86
506590	11	10	0.52
506830	6	1	0.86
507490	153	31	0.83
508390	104	38	0.73
508540	8	2	0.80
508600	160	39	0.80
508960	14	14	0.50
508990	32	1	0.97
509020	1	0	1.00
509110	31	3	0.91
509170	4	0	1.00
509230	4	5	0.44
509290	15	6	0.71
50930	0	2	0.00
50960	3	0	1.00
509770	8	3	0.73
509860	18	7	0.72
50990	7	0	1.00
510070	9	2	0.82
510130	1	0	1.00
51020	3	0	1.00
510220	1	0	1.00
510250	7	0	1.00
510790	17	14	0.55
511090	9	0	1.00
511330	4	3	0.57
511600	8	1	0.89
511690	1	2	0.33
511720	2	2	0.50
511750	7	0	1.00
512020	11	1	0.92
512080	46	9	0.84
512110	8	0	1.00
512200	15	2	0.88
512230	11	0	1.00
512470	310	87	0.78
512710	3	5	0.38
512740	17	1	0.94
512770	7	4	0.64
513340	26	0	1.00
513580	4	1	0.80
513610	6	2	0.75
513760	14	0	1.00
513790	8	1	0.89
513820	5	0	1.00
514090	6	0	1.00
514240	26	18	0.59
514390	8	4	0.67
514480	4	10	0.29
514660	29	5	0.85
514750	1	1	0.50
514780	3	0	1.00
515020	56	2	0.97
515470	16	8	0.67
515650	30	2	0.94
516040	11	4	0.73
516550	6	1	0.86
516700	6	9	0.40
516940	8	2	0.80
517000	33	7	0.82
517060	4	5	0.44
517240	2	3	0.40
517330	16	1	0.94
517360	8	1	0.89
517660	4	1	0.80
517810	19	8	0.70
517960	2	1	0.67
517990	4	4	0.50
518110	10	3	0.77
518140	3	2	0.60
518320	3	2	0.60
518620	16	4	0.80
518650	7	1	0.88
518920	27	10	0.73
519490	1	1	0.50
519940	7	2	0.78
520210	5	5	0.50
520270	19	4	0.83
520810	1	1	0.50
520840	5	0	1.00
520990	19	7	0.73
521200	231	12	0.95
521470	50	3	0.94
521500	31	6	0.84
521590	2	1	0.67
521950	71	5	0.93
521980	3	9	0.25
522010	3	1	0.75
522040	74	1	0.99
522250	13	1	0.93
522280	24	6	0.80
522340	12	0	1.00
522490	41	0	1.00
522730	14	1	0.93
523000	98	5	0.95
523030	7	0	1.00
523090	21	1	0.95
523150	2	1	0.67
523720	7	0	1.00
524110	17	10	0.63
524380	50	7	0.88
524560	13	0	1.00
524650	4	1	0.80
525100	11	5	0.69
525190	6	4	0.60
525370	4	1	0.80
525610	51	29	0.64
525640	62	2	0.97
525910	12	1	0.92
526240	21	3	0.88
526390	1	0	1.00
526540	25	8	0.76
526750	9	3	0.75
526780	4	0	1.00
527380	3	0	1.00
527710	26	2	0.93
527770	3	6	0.33
528070	2	2	0.50
528100	6	0	1.00
528250	7	1	0.88
528550	48	11	0.81
528580	31	2	0.94
528670	4	0	1.00
528700	8	0	1.00
528820	17	9	0.65
529000	40	6	0.87
529150	117	0	1.00
529450	12	5	0.71
529480	9	1	0.90
529540	7	1	0.88
529720	12	3	0.80
529780	373	20	0.95
530290	5	1	0.83
530650	1	2	0.33
530680	1	3	0.25
530740	4	1	0.80
530830	5	1	0.83
530890	272	38	0.88
530920	66	16	0.80
531070	0	4	0.00
531190	14	0	1.00
531490	2	1	0.67
531640	496	63	0.89
531730	19	0	1.00
531910	11	1	0.92
532030	4	2	0.67
532270	34	4	0.89
532600	8	1	0.89
532660	5	3	0.62
533620	3	1	0.75
533710	5	3	0.62
533890	3	1	0.75
533950	16	4	0.80
534010	2	1	0.67
534160	15	1	0.94
534460	6	2	0.75
535270	4	0	1.00
536230	1	0	1.00
536320	11	4	0.73
536530	6	2	0.75
536680	9	4	0.69
536920	1	0	1.00
537100	8	4	0.67
537130	3	0	1.00
537280	3	5	0.38
537700	14	6	0.70
538060	3	3	0.50
538870	54	33	0.62
539050	19	0	1.00
539380	8	1	0.89
539440	21	17	0.55
539980	2	0	1.00
540100	9	4	0.69
540310	0	1	0.00
540370	3	2	0.60
540610	250	28	0.90
540640	8	2	0.80
540880	39	3	0.93
541180	12	27	0.31
541720	9	4	0.69
542170	5	1	0.83
542260	17	1	0.94
542770	41	0	1.00
544270	13	6	0.68
544420	4	2	0.67
544510	46	1	0.98
544540	13	0	1.00
544840	18	2	0.90
545050	66	29	0.69
545110	21	17	0.55
545230	10	3	0.77
545470	1	0	1.00
546340	8	6	0.57
547750	3	0	1.00
547840	8	1	0.89
547870	7	5	0.58
547900	41	1	0.98
547960	5	5	0.50
548080	9	1	0.90
548110	4	0	1.00
548230	15	0	1.00
548290	23	26	0.47
548860	14	1	0.93
549760	32	4	0.89
549880	1	3	0.25
550180	9	2	0.82
55040	956	134	0.88
550810	7	0	1.00
550840	10	1	0.91
55100	858	522	0.62
551110	30	1	0.97
551500	0	1	0.00
552100	48	5	0.91
552160	6	0	1.00
553450	7	0	1.00
554470	9	0	1.00
554680	2	2	0.50
555610	22	2	0.92
555640	11	1	0.92
555940	9	0	1.00
556000	1	5	0.17
556300	3	3	0.50
556750	4	2	0.67
556870	3	0	1.00
557890	11	0	1.00
558610	4	1	0.80
559450	1	0	1.00
561190	11	0	1.00
561340	3	0	1.00
561970	11	3	0.79
562270	2	6	0.25
562300	7	2	0.78
562600	1	1	0.50
563140	1	2	0.33
57620	54	46	0.54
57650	103	132	0.44
57680	165	80	0.67
57740	290	160	0.64
57800	29	64	0.31
58400	21	49	0.30
58520	399	114	0.78
58550	57	165	0.26
58610	267	150	0.64
6020	2416	159	0.94
60350	25	4	0.86
6080	123	14	0.90
60800	35	42	0.45
61100	90	37	0.71
61310	89	30	0.75
61520	110	15	0.88
61700	460	45	0.91
61730	141	12	0.92
620	38448	476	0.99
6200	434	83	0.84
62000	234	26	0.90
63110	52	23	0.69
63200	419	114	0.79
63380	6015	955	0.86
63500	171	20	0.90
63620	31	7	0.82
63650	34	7	0.83
63710	1578	290	0.84
63800	116	83	0.58
63950	285	118	0.71
65270	69	16	0.81
65300	1048	133	0.89
65540	433	147	0.75
65600	40	57	0.41
65780	159	69	0.70
65930	1956	1120	0.64
67370	2861	364	0.89
6800	314	52	0.86
6860	2381	123	0.95
6920	341	222	0.61
6980	581	66	0.90
7010	56	18	0.76
70100	227	115	0.66
70400	1550	97	0.94
70640	118	19	0.86
71000	242	59	0.80
71240	153	32	0.83
7220	23	28	0.45
72200	1485	366	0.80
72500	24	31	0.44
73010	225	73	0.76
73190	18	18	0.50
73220	68	28	0.71
7340	5	2	0.71
7520	919	742	0.55
7610	190	54	0.78
7670	8638	555	0.94
7730	28	27	0.51
7760	1196	41	0.97
7940	3314	308	0.91
7970	8	20	0.29
80	1900	222	0.90
8000	503	92	0.85
80000	21	58	0.27
80300	75	23	0.77
80330	470	60	0.89
80360	162	5	0.97
8060	13	2	0.87
8210	2	1	0.67
8240	4	1	0.80
8270	5	0	1.00
8300	3	0	1.00
8330	17	19	0.47
8360	2	0	1.00
8600	511	102	0.83
8870	29317	1823	0.94
8930	8690	3	1.00
90200	133	22	0.86
9050	968	136	0.88
90500	35	52	0.40
91100	334	38	0.90
91700	2573	496	0.84
9200	2223	984	0.69
92000	711	430	0.62
92210	71	15	0.83
92300	301	147	0.67
92600	69	16	0.81
92900	41	46	0.47
93200	454	81	0.85
9350	428	52	0.89
94400	3027	458	0.87
94610	3	1	0.75
9500	90	61	0.60
95300	367	123	0.75
95900	62	41	0.60
96800	100	32	0.76
9710	6	8	0.43
97100	391	119	0.77
97130	38	4	0.90
9800	153	69	0.69
98300	469	50	0.90
98600	114	32	0.78
98900	60	36	0.62
99410	19	39	0.33
9980	32	15	0.68
99830	65	4	0.94
